2
20
25
33
57
58
63
75
84
103
109
124
128
133
155
170
194
201
202
210
214
227
240
241
243
248
264
274
275
287
312
314
323
332
335
337
351
357
367
372
383
386
388
417
427
432
440
444
464
468
470
474
477
485
488
497
500
522
525
539
548
573
578
579
584
589
590
595
608
617
618
622
626
635
637
666
668
670
675
681
682
685
704
707
724
734
736
744
746
762
765
770
789
792
795
796
806
809
811
813
815
823
833
841
891
904
905
906
911
914
920
926
951
952
955
960
966
970
985
986
987
990
1002
1010
1018
1021
1022
1036
1042
1064
1068
1079
1088
1089
1103
1111
1132
1137
1138
1155
1164
1166
1170
1182
1216
1218
1228
1229
1230
1231
1244
1246
1277
1278
1279
1285
1293
1297
1312
1326
1327
1340
1350
1366
1380
1382
1383
1385
1402
1408
1432
1435
1442
1447
1476
1483
1485
1503
1505
1515
1533
1594
1596
1601
1609
1619
1648
1652
1655
1657
1658
1659
1660
1662
1679
1680
1694
1703
1704
1718
1721
1729
1774
1778
1791
1822
1825
1832
1854
1860
1893
1894
1901
1902
1907
1910
1926
1943
1946
1954
1963
1968
1969
1993
2008
2024
2025
2042
2046
2048
2055
2085
2090
2092
2102
2104
2107
2113
2121
2135
2145
2157
2164
2166
2169
2175
2179
2185
2196
2201
2206
2217
2218
2230
2231
2232
2234
2237
2240
2243
2259
2265
2268
2279
2289
2303
2349
2355
2358
2363
2364
2365
2374
2387
2388
2425
2431
2453
2473
2474
2491
2496
2501
2512
2523
2533
2569
2586
2599
2611
2614
2625
2632
2640
2659
2680
2683
2696
2698
2736
2737
2746
2762
2763
2773
2802
2804
2805
2816
2821
2833
2858
2875
2939
2941
2944
2950
2955
2964
2967
2973
2974
2985
2988
2991
3005
3007
3012
3017
3025
3029
3040
3066
3077
3094
3097
3105
3110
3126
3131
3151
3167
3168
3169
3195
3204
3205
3235
3241
3248
3253
3262
3266
3270
3275
3278
3286
3295
3311
3315
3332
3334
3401
3422
3424
3447
3451
3456
3467
3469
3471
3472
3482
3494
3495
3498
3500
3501
3506
3508
3519
3533
3534
3545
3562
3572
3574
3575
3584
3590
3591
3592
3602
3609
3617
3621
3623
3646
3652
3655
3677
3705
3714
3736
3741
3743
3763
3779
3789
3792
3818
3824
3857
3868
3878
3890
3897
3899
3905
3931
3964
3984
3986
3995
4000
4013
4019
4034
4035
4037
4045
4054
4061
4140
4141
4165
4199
4202
4219
4226
4227
4237
4243
4247
4255
4259
4280
4289
4308
4309
4314
4316
4320
4331
4354
4358
4363
4365
4367
4375
4380
4409
4417
4427
4429
4480
4490
4491
4511
4525
4540
4551
4556
4575
4578
4582
4583
4589
4597
4608
4617
4634
4642
4656
4663
4665
4676
4684
4704
4722
4724
4766
4769
4779
4795
4799
4803
4820
4822
4830
4833
4840
4843
4868
4878
4880
4889
4915
4931
4938
4957
4964
4972
4981
4988
5001
5005
5010
5014
5029
5033
5042
5079
5090
5117
5126
5128
5136
5137
5139
5151
5171
5175
5187
5196
5213
5214
5216
5228
5230
5231
5232
5233
5242
5264
5292
5315
5317
5336
5353
5361
5372
5379
5388
5414
5421
5424
5444
5445
5449
5452
5466
5478
5489
5490
5500
5502
5509
5521
5535
5539
5545
5549
5550
5551
5554
5566
5595
5604
5605
5609
5614
5615
5618
5619
5624
5636
5637
5641
5646
5647
5650
5652
5708
5714
5740
5754
5773
5775
5783
5785
5810
5812
5815
5818
5830
5832
5837
5841
5842
5843
5852
5855
5883
5888
5902
5903
5911
5915
5963
5973
5980
5982
5989
5991
5992
5998
6019
6061
6077
6078
6102
6125
6143
6148
6153
6156
6160
6174
6189
6206
6221
6222
6234
6258
6263
6282
6291
6296
6322
6396
6413
6417
6437
6443
6446
6449
6482
6491
6510
6530
6535
6549
6555
6558
6563
6569
6592
6593
6595
6602
6613
6629
6653
6664
6666
6701
6707
6708
6721
6722
6733
6738
6754
6766
6769
6771
6787
6799
6806
6814
6818
6821
6825
6826
6830
6839
6843
6844
6850
6854
6856
6860
6887
6893
6895
6902
6908
6909
6910
6923
6930
6931
6965
6980
7001
7060
7063
7065
7088
7094
7100
7102
7106
7109
7114
7121
7123
7134
7142
7145
7147
7159
7170
7174
7176
7184
7187
7201
7206
7215
7237
7260
7290
7306
7309
7317
7320
7322
7332
7364
7375
7379
7400
7421
7422
7438
7453
7462
7472
7485
7495
7527
7528
7534
7538
7566
7568
7573
7581
7590
7597
7621
7624
7630
7635
7640
7645
7652
7657
7666
7682
7698
7730
7735
7736
7738
7740
7743
7751
7753
7786
7805
7816
7825
7829
7836
7848
7849
7854
7857
7863
7864
7884
7888
7898
7899
7900
7901
7917
7918
7920
7924
7943
7947
7962
7963
7976
7977
7979
7987
7991
8005
8010
8020
8033
8044
8069
8081
8099
8102
8109
8120
8121
8123
8132
8138
8143
8146
8149
8179
8187
8189
8196
8223
8230
8232
8239
8245
8253
8254
8262
8263
8289
8301
8326
8327
8330
8332
8340
8342
8376
8387
8395
8421
8435
8442
8448
8471
8482
8487
8495
8496
8526
8574
8576
8579
8583
8592
8601
8606
8609
8611
8614
8628
8633
8634
8647
8660
8662
8671
8691
8717
8719
8722
8728
8735
8741
8772
8775
8783
8785
8797
8813
8827
8831
8839
8849
8851
8858
8862
8865
8874
8888
8904
8930
8942
8963
8985
9000
9002
9047
9049
9057
9067
9072
9084
9085
9090
9091
9095
9113
9141
9163
9176
9184
9194
9204
9216
9232
9251
9253
9260
9268
9284
9285
9294
9297
9325
9343
9350
9355
9362
9369
9390
9392
9396
9412
9420
9427
9428
9430
9435
9437
9445
9454
9472
9478
9491
9498
9504
9505
9510
9515
9523
9529
9543
9561
9566
9581
9611
9612
9614
9635
9637
9648
9651
9664
9673
9696
9701
9703
9718
9730
9734
9740
9748
9756
9757
9759
9767
9783
9796
9797
9807
9817
9818
9824
9833
9835
9858
9867
9891
9897
9901
9910
9913
9947
9977
9982
9984
9987
9995
10000
10007
10019
10020
10046
10054
10060
10065
10094
10101
10118
10125
10130
10137
10141
10143
10145
10146
10149
10155
10164
10179
10183
10184
10188
10202
10204
10226
10232
10238
10251
10261
10262
10279
10287
10306
10307
10316
10320
10332
10339
10348
10350
10360
10390
10396
10401
10403
10414
10424
10426
10428
10433
10453
10458
10468
10476
10498
10517
10524
10526
10530
10540
10549
10552
10570
10586
10589
10591
10602
10609
10621
10624
10629
10630
10637
10640
10642
10646
10649
10652
10671
10685
10707
10710
10712
10723
10739
10757
10758
10765
10766
10777
10789
10790
10794
10798
10827
10842
10847
10849
10868
10875
10883
10889
10900
10931
10936
10950
10955
10956
10982
10996
11000
11001
11003
11011
11014
11020
11026
11028
11031
11036
11042
11048
11052
11066
11081
11088
11096
11106
11120
11127
11147
11155
11176
11181
11193
11195
11200
11213
11214
11217
11222
11224
11233
11234
11241
11243
11246
11251
11253
11257
11269
11270
11283
11289
11292
11303
11310
11315
11334
11339
11349
11352
11356
11357
11386
11398
11407
11438
11450
11463
11477
11480
11485
11513
11526
11534
11545
11570
11607
11614
11619
11623
11629
11630
11671
11674
11708
11712
11715
11720
11727
11743
11762
11765
11768
11770
11777
11778
11797
11808
11814
11827
11830
11846
11861
11863
11873
11920
11928
11934
11938
11952
11959
11965
11976
11985
12013
12017
12019
12045
12059
12062
12077
12079
12095
12104
12129
12153
12184
12213
12221
12227
12237
12239
12242
12251
12263
12270
12278
12298
12323
12325
12340
12342
12346
12347
12349
12350
12358
12368
12384
12386
12429
12446
12466
12469
12472
12478
12479
12489
12491
12509
12510
12525
12528
12537
12540
12549
12568
12576
12577
12587
12599
12616
12622
12628
12634
12650
12669
12676
12688
12693
12698
12703
12708
12719
12729
12732
12737
12741
12747
12749
12757
12758
12761
12765
12767
12768
12776
12782
12794
12797
12808
12823
12836
12849
12853
12854
12865
12872
12877
12901
12903
12933
12938
12948
12952
12972
12974
12988
13008
13024
13025
13028
13033
13040
13042
13050
13051
13065
13070
13071
13077
13079
13086
13087
13094
13106
13114
13117
13118
13120
13126
13139
13161
13165
13167
13176
13184
13185
13187
13204
13224
13231
13237
13245
13248
13257
13260
13268
13270
13277
13296
13307
13321
13338
13341
13387
13394
13398
13405
13408
13409
13417
13426
13437
13446
13455
13459
13466
13469
13480
13495
13507
13510
13515
13525
13553
13579
13584
13594
13600
13614
13615
13639
13641
13649
13652
13688
13718
13735
13738
13742
13761
13766
13769
13775
13777
13785
13822
13825
13836
13839
13841
13853
13858
13865
13867
13877
13880
13889
13943
13952
13954
13957
13990
14013
14022
14035
14038
14052
14071
14073
14074
14075
14117
14121
14122
14137
14145
14166
14172
14177
14189
14209
14221
14260
14270
14282
14283
14301
14307
14331
14337
14339
14345
14348
14349
14352
14353
14364
14365
14371
14382
14387
14390
14404
14436
14440
14442
14447
14474
14483
14485
14490
14495
14498
14499
14505
14506
14510
14512
14530
14548
14549
14551
14555
14556
14559
14573
14582
14591
14593
14595
14601
14608
14617
14626
14635
14639
14650
14651
14655
14656
14660
14667
14706
14712
14721
14735
14739
14752
14756
14758
14759
14790
14798
14800
14802
14808
14827
14829
14847
14853
14854
14855
14869
14876
14879
14890
14894
14900
14908
14915
14933
14935
14939
14946
14962
14984
14987
14991
15011
15018
15019
15025
15036
15042
15060
15061
15075
15078
15081
15086
15092
15096
15104
15118
15129
15131
15138
15140
15148
15149
15150
15151
15158
15182
15187
15190
15198
15201
15220
15235
15269
15270
15281
15299
15302
15308
15325
15327
15328
15333
15336
15346
15349
15351
15353
15356
15365
15368
15375
15377
15382
15388
15409
15415
15419
15430
15433
15448
15449
15452
15475
15480
15502
15511
15522
15524
15539
15561
15582
15588
15593
15605
15626
15629
15635
15640
15641
15644
15645
15648
15650
15660
15669
15673
15694
15696
15721
15722
15739
15748
15752
15788
15789
15790
15792
15798
15817
15818
15834
15856
15859
15865
15871
15875
15893
15905
15915
15927
15929
15935
15938
15949
15967
15997
16001
16012
16013
16016
16027
16042
16064
16077
16092
16096
16105
16129
16148
16163
16167
16168
16171
16178
16199
16201
16202
16204
16205
16218
16259
16262
16263
16268
16281
16284
16300
16303
16335
16347
16352
16356
16369
16383
16384
16400
16401
16404
16415
16422
16453
16468
16471
16497
16499
16503
16515
16519
16529
16532
16533
16556
16571
16589
16595
16614
16638
16642
16643
16644
16646
16672
16678
16679
16708
16710
16713
16715
16717
16719
16724
16736
16766
16768
16789
16805
16809
16816
16819
16826
16835
16859
16867
16884
16896
16907
16921
16931
16932
16939
16946
16947
16954
16966
16992
16994
17007
17010
17013
17018
17030
17036
17054
17057
17066
17078
17081
17089
17101
17114
17128
17133
17143
17163
17166
17168
17180
17188
17197
17207
17246
17249
17252
17254
17260
17262
17270
17271
17277
17278
17286
17287
17307
17328
17334
17337
17351
17352
17359
17380
17384
17388
17396
17425
17429
17436
17445
17451
17454
17456
17470
17487
17502
17524
17534
17544
17545
17557
17564
17565
17571
17593
17597
17602
17609
17614
17615
17624
17638
17640
17654
17670
17675
17681
17685
17701
17721
17723
17724
17725
17726
17727
17729
17734
17751
17761
17765
17767
17771
17808
17819
17828
17830
17837
17850
17854
17859
17864
17868
17878
17881
17884
17888
17899
17921
17929
17932
17937
17945
17953
17957
17959
17977
17979
17990
17995
17997
18032
18033
18035
18037
18056
18114
18119
18124
18131
18139
18150
18174
18181
18191
18199
18204
18224
18245
18259
18271
18304
18333
18337
18338
18348
18358
18381
18400
18418
18420
18422
18437
18443
18462
18494
18495
18518
18532
18533
18548
18550
18557
18562
18564
18595
18600
18607
18610
18612
18632
18662
18684
18688
18689
18698
18712
18716
18719
18724
18731
18732
18795
18796
18797
18806
18836
18838
18841
18845
18846
18859
18870
18900
18903
18918
18922
18928
18932
18956
18966
18971
18978
18979
18983
18985
18989
18994
18997
18999
19032
19037
19051
19064
19070
19076
19077
19084
19093
19096
19114
19119
19128
19137
19152
19161
19175
19177
19188
19195
19206
19224
19231
19251
19260
19289
19290
19293
19296
19324
19328
19331
19347
19353
19360
19361
19366
19375
19377
19384
19394
19408
19423
19429
19432
19436
19443
19446
19449
19450
19456
19464
19472
19480
19485
19499
19500
19510
19513
19519
19525
19535
19536
19555
19575
19578
19604
19613
19631
19643
19649
19655
19710
19737
19748
19754
19756
19769
19776
19782
19807
19808
19809
19827
19849
19869
19878
19901
19903
19905
19914
19915
19918
19922
19930
19949
19988
20004
20015
20016
20033
20048
20054
20057
20081
20089
20090
20108
20119
20121
20122
20137
20144
20173
20175
20187
20214
20232
20244
20267
20272
20273
20276
20282
20300
20301
20302
20313
20346
20358
20370
20371
20372
20376
20378
20399
20409
20417
20423
20430
20431
20435
20440
20448
20453
20480
20481
20516
20519
20525
20531
20584
20587
20600
20604
20605
20612
20637
20669
20673
20674
20678
20693
20694
20696
20699
20716
20723
20725
20730
20736
20737
20749
20767
20780
20787
20789
20802
20805
20824
20850
20882
20897
20901
20910
20926
20930
20934
20960
20968
20971
20983
20992
20994
21033
21036
21077
21095
21098
21099
21110
21112
21116
21120
21141
21159
21161
21172
21179
21182
21190
21194
21198
21205
21211
21215
21224
21229
21237
21247
21253
21257
21259
21276
21283
21309
21311
21315
21322
21345
21346
21363
21385
21400
21403
21415
21418
21419
21436
21440
21446
21456
21471
21481
21485
21499
21507
21512
21513
21517
21522
21527
21529
21539
21541
21545
21559
21574
21592
21619
21640
21649
21656
21658
21671
21676
21684
21688
21695
21715
21716
21728
21747
21753
21768
21784
21808
21811
21819
21850
21852
21860
21861
21866
21875
21876
21878
21884
21886
21898
21908
21913
21921
21922
21933
21935
21937
21955
21979
21983
21989
22001
22008
22022
22023
22024
22056
22094
22104
22118
22122
