10
49
53
64
65
67
90
92
99
117
118
126
137
161
169
174
176
196
205
206
217
253
257
262
268
283
291
297
322
333
334
343
358
359
361
369
371
373
376
387
403
437
452
453
460
469
472
479
493
494
502
514
519
528
531
534
540
560
562
569
570
599
600
602
605
611
614
619
620
627
638
656
659
665
680
689
692
693
695
703
709
714
718
728
735
766
774
776
780
790
822
849
855
860
862
871
879
946
963
967
971
976
989
997
1005
1045
1054
1084
1087
1092
1096
1098
1099
1110
1129
1133
1134
1143
1169
1191
1232
1235
1252
1275
1276
1289
1323
1332
1334
1342
1352
1360
1367
1374
1376
1378
1387
1393
1396
1400
1409
1416
1431
1454
1459
1473
1506
1507
1508
1521
1526
1540
1544
1550
1567
1584
1585
1586
1590
1597
1607
1608
1610
1611
1622
1626
1634
1650
1653
1654
1656
1671
1690
1708
1712
1731
1739
1771
1796
1811
1812
1818
1821
1824
1831
1834
1849
1855
1876
1886
1899
1922
1934
1955
1959
1962
1965
1967
1988
1994
2002
2034
2039
2050
2053
2080
2093
2101
2110
2115
2127
2158
2159
2189
2235
2238
2242
2263
2266
2271
2293
2295
2302
2307
2314
2315
2316
2350
2393
2399
2402
2421
2435
2446
2451
2460
2470
2471
2472
2481
2531
2532
2551
2562
2571
2597
2601
2620
2627
2646
2654
2657
2675
2691
2697
2732
2741
2742
2744
2760
2776
2780
2782
2784
2789
2794
2807
2812
2829
2834
2836
2840
2846
2855
2880
2881
2884
2893
2901
2902
2912
2914
2916
2923
2948
2952
2953
2959
2984
2995
2999
3030
3031
3041
3052
3085
3107
3111
3117
3122
3133
3142
3146
3149
3154
3178
3189
3203
3206
3207
3213
3230
3250
3252
3254
3258
3261
3287
3291
3307
3317
3327
3333
3343
3345
3348
3350
3395
3399
3400
3403
3411
3420
3438
3478
3535
3536
3556
3559
3568
3579
3594
3606
3613
3615
3618
3626
3647
3651
3656
3659
3674
3676
3679
3699
3709
3723
3730
3731
3745
3755
3772
3773
3776
3777
3778
3780
3781
3804
3816
3831
3845
3847
3849
3865
3904
3933
3934
3936
3937
3947
3972
3981
3985
3987
3988
3992
3996
3999
4015
4053
4066
4068
4079
4081
4084
4086
4090
4094
4104
4106
4108
4111
4132
4134
4190
4193
4211
4213
4240
4249
4251
4270
4272
4285
4287
4288
4307
4330
4337
4340
4351
4376
4377
4388
4400
4401
4407
4423
4434
4445
4458
4475
4479
4493
4495
4533
4554
4557
4564
4602
4625
4649
4652
4683
4685
4699
4700
4709
4727
4735
4739
4741
4747
4757
4786
4789
4790
4794
4807
4811
4818
4829
4860
4864
4875
4883
4885
4893
4907
4910
4914
4927
4929
4943
4944
4946
4951
4954
4959
4968
4986
5004
5027
5028
5034
5047
5053
5057
5066
5074
5119
5131
5146
5150
5154
5184
5191
5203
5204
5219
5222
5223
5257
5263
5266
5267
5277
5280
5296
5314
5316
5321
5322
5326
5340
5368
5371
5390
5398
5404
5428
5433
5458
5475
5481
5517
5519
5542
5557
5559
5562
5564
5576
5587
5598
5599
5622
5651
5660
5683
5688
5711
5731
5745
5759
5768
5786
5802
5809
5826
5858
5862
5864
5865
5869
5876
5892
5893
5909
5931
5941
5950
5953
5959
5967
5979
6010
6011
6027
6040
6042
6048
6055
6071
6075
6092
6093
6105
6108
6111
6116
6129
6136
6138
6146
6150
6169
6171
6181
6184
6185
6190
6235
6253
6280
6281
6295
6297
6298
6306
6313
6315
6336
6339
6350
6352
6355
6357
6375
6393
6394
6401
6403
6407
6418
6421
6436
6458
6464
6473
6475
6476
6479
6488
6489
6507
6511
6520
6525
6539
6541
6562
6581
6591
6598
6599
6615
6628
6634
6638
6650
6663
6672
6679
6699
6725
6740
6777
6797
6802
6811
6827
6831
6835
6847
6865
6900
6926
6964
6969
6972
6975
6978
6982
6983
6990
6999
7021
7051
7054
7070
7077
7091
7113
7128
7150
7172
7188
7195
7204
7209
7216
7223
7229
7252
7261
7267
7268
7272
7292
7294
7313
7338
7343
7359
7361
7366
7367
7371
7382
7389
7392
7410
7416
7423
7426
7432
7441
7445
7464
7466
7470
7474
7489
7496
7498
7502
7503
7507
7521
7537
7547
7557
7587
7592
7603
7626
7649
7654
7664
7677
7700
7701
7703
7704
7715
7733
7747
7749
7750
7756
7764
7769
7777
7778
7790
7812
7815
7820
7832
7833
7837
7841
7869
7870
7874
7882
7883
7885
7891
7913
7932
7944
7945
7964
7974
7983
7984
7993
8024
8039
8045
8047
8053
8057
8097
8111
8113
8126
8144
8145
8160
8161
8170
8172
8174
8198
8209
8211
8212
8219
8231
8238
8242
8246
8275
8283
8285
8286
8287
8292
8297
8299
8304
8310
8313
8316
8318
8341
8354
8357
8378
8390
8416
8428
8446
8449
8466
8467
8468
8480
8483
8489
8492
8497
8512
8519
8523
8532
8544
8545
8561
8566
8577
8582
8585
8586
8595
8596
8613
8617
8629
8640
8657
8665
8679
8693
8716
8744
8746
8759
8781
8795
8802
8806
8815
8820
8841
8855
8869
8895
8897
8898
8899
8900
8905
8907
8916
8921
8926
8944
8945
8948
8953
8954
8956
8957
8961
8981
8982
8994
8998
9003
9005
9013
9024
9026
9031
9063
9069
9080
9086
9097
9100
9109
9147
9153
9160
9162
9172
9200
9203
9207
9214
9240
9242
9248
9267
9289
9290
9296
9301
9303
9321
9327
9328
9330
9348
9349
9351
9361
9383
9388
9401
9403
9415
9418
9438
9446
9451
9468
9482
9485
9494
9507
9513
9534
9535
9536
9554
9598
9615
9638
9672
9677
9678
9679
9680
9702
9704
9708
9713
9728
9732
9735
9738
9749
9769
9785
9821
9829
9845
9852
9857
9861
9878
9887
9892
9903
9905
9906
9915
9917
9919
9921
9926
9938
9948
9961
9963
9967
9971
9974
9980
9997
10002
10011
10017
10023
10024
10027
10029
10037
10039
10064
10084
10103
10112
10114
10132
10163
10167
10192
10195
10206
10212
10222
10237
10247
10257
10259
10260
10271
10280
10295
10311
10321
10338
10342
10345
10355
10363
10386
10394
10402
10410
10413
10436
10440
10455
10464
10482
10488
10493
10495
10507
10509
10532
10534
10543
10545
10553
10583
10590
10594
10596
10615
10633
10635
10645
10659
10701
10703
10705
10718
10738
10740
10743
10752
10755
10763
10776
10792
10796
10812
10817
10829
10831
10832
10852
10854
10864
10865
10879
10903
10919
10934
10948
10960
10977
10978
10981
10986
10998
10999
11010
11019
11022
11043
11060
11061
11083
11085
11087
11122
11140
11146
11169
11171
11180
11187
11197
11204
11209
11218
11238
11245
11260
11281
11287
11288
11295
11305
11316
11361
11371
11383
11389
11402
11404
11411
11424
11442
11443
11447
11448
11457
11466
11471
11478
11488
11489
11501
11502
11519
11523
11543
11548
11551
11559
11600
11606
11609
11617
11631
11641
11649
11666
11678
11690
11696
11698
11711
11730
11732
11746
11751
11755
11756
11769
11775
11779
11790
11798
11810
11816
11826
11829
11841
11847
11867
11870
11875
11881
11885
11891
11895
11903
11904
11906
11926
11936
11960
11961
11996
11998
12025
12040
12041
12056
12061
12078
12105
12115
12121
12157
12167
12181
12183
12199
12201
12202
12203
12211
12241
12267
12305
12308
12318
12331
12343
12366
12377
12380
12396
12402
12414
12435
12436
12441
12467
12477
12483
12497
12526
12530
12531
12551
12562
12566
12567
12569
12572
12597
12602
12613
12615
12620
12679
12685
12689
12691
12695
12709
12714
12735
12739
12751
12755
12774
12784
12803
12805
12806
12809
12814
12826
12835
12850
12852
12857
12870
12874
12878
12879
12895
12898
12904
12906
12908
12909
12911
12924
12926
12937
12944
12947
12957
12959
12966
12967
12979
12983
12994
13001
13012
13015
13019
13045
13049
13061
13075
13091
13096
13097
13102
13104
13105
13128
13129
13134
13150
13162
13169
13174
13194
13196
13197
13201
13234
13251
13263
13281
13287
13311
13329
13340
13342
13358
13366
13368
13383
13410
13416
13428
13430
13435
13440
13461
13476
13493
13508
13535
13555
13560
13570
13572
13575
13580
13581
13590
13604
13608
13621
13623
13672
13674
13675
13676
13697
13702
13713
13722
13723
13725
13732
13741
13754
13760
13763
13786
13800
13805
13813
13824
13826
13828
13830
13840
13845
13855
13857
13878
13879
13896
13899
13904
13906
13923
13930
13934
13941
13963
13971
13982
13986
13987
13996
14010
14011
14019
14020
14036
14044
14056
14060
14063
14066
14086
14100
14102
14124
14127
14129
14131
14140
14142
14180
14187
14190
14197
14213
14214
14242
14243
14244
14255
14258
14285
14304
14308
14325
14329
14342
14343
14346
14362
14372
14383
14388
14396
14397
14399
14411
14412
14413
14414
14416
14427
14429
14434
14437
14449
14453
14458
14473
14486
14488
14516
14543
14544
14567
14592
14610
14614
14620
14654
14669
14674
14675
14684
14688
14697
14699
14709
14718
14734
14743
14744
14749
14753
14775
14776
14779
14788
14796
14804
14812
14813
14815
14817
14833
14841
14849
14859
14864
14891
14938
14945
14960
14989
15010
15017
15046
15080
15109
15126
15136
15144
15146
15152
15167
15175
15183
15184
15206
15256
15274
15277
15278
15279
15283
15286
15313
15314
15385
15389
15399
15423
15440
15474
15501
15558
15559
15565
15572
15577
15578
15603
15604
15607
15609
15632
15633
15636
15646
15659
15666
15674
15686
15692
15699
15702
15705
15709
15719
15750
15761
15764
15766
15779
15791
15811
15816
15819
15826
15828
15869
15880
15881
15892
15894
15902
15942
15954
15960
15965
15981
16020
16053
16055
16066
16069
16070
16080
16082
16095
16103
16116
16118
16123
16136
16143
16144
16149
16172
16185
16187
16210
16233
16235
16239
16252
16271
16272
16273
16298
16308
16316
16317
16321
16324
16326
16336
16350
16353
16362
16371
16373
16380
16394
16397
16406
16408
16412
16429
16440
16443
16447
16457
16476
16484
16493
16496
16539
16544
16558
16565
16569
16579
16592
16593
16611
16626
16639
16645
16661
16677
16685
16687
16714
16738
16763
16767
16791
16802
16803
16808
16815
16836
16858
16870
16872
16873
16875
16885
16909
16933
16940
16944
16955
16962
16973
16974
16988
17001
17016
17020
17027
17035
17037
17044
17047
17053
17063
17090
17093
17098
17102
17129
17154
17156
17170
17187
17225
17231
17235
17253
17255
17257
17266
17274
17276
17288
17293
17296
17340
17344
17356
17358
17381
17386
17392
17401
17417
17421
17442
17446
17477
17479
17484
17492
17521
17541
17559
17578
17579
17601
17611
17622
17648
17652
17663
17672
17690
17692
17700
17717
17722
17728
17736
17738
17741
17758
17762
17776
17782
17789
17795
17796
17807
17814
17818
17824
17825
17845
17847
17863
17867
17875
17876
17879
17885
17886
17895
17911
17925
17944
17948
17963
17973
17978
17982
17984
18006
18008
18021
18025
18028
18030
18061
18069
18070
18077
18090
18091
18092
18095
18115
18121
18122
18128
18129
18134
18135
18153
18156
18158
18168
18171
18175
18178
18184
18193
18202
18203
18219
18231
18235
18237
18252
18257
18278
18282
18285
18288
18291
18296
18300
18314
18316
18326
18335
18342
18343
18360
18367
18380
18384
18406
18411
18415
18438
18441
18446
18448
18460
18468
18471
18521
18526
18537
18538
18539
18546
18554
18594
18601
18602
18614
18625
18626
18627
18634
18635
18652
18653
18659
18668
18673
18680
18681
18687
18692
18693
18695
18699
18717
18727
18749
18752
18756
18760
18764
18767
18769
18771
18779
18799
18802
18805
18807
18816
18828
18831
18840
18842
18882
18892
18897
18899
18901
18906
18936
18951
18960
18964
18976
18982
18988
18990
19001
19013
19018
19022
19027
19045
19061
19063
19073
19075
19081
19104
19108
19113
19115
19129
19132
19140
19142
19163
19172
19184
19196
19200
19204
19247
19258
19265
19269
19271
19276
19278
19316
19337
19349
19350
19351
19352
19354
19364
19381
19395
19396
19407
19414
19424
19428
19431
19445
19448
19460
19467
19468
19470
19481
19486
19488
19508
19511
19514
19517
19521
19528
19554
19562
19563
19577
19581
19591
19595
19609
19612
19614
19634
19640
19645
19651
19656
19671
19683
19687
19718
19730
19735
19736
19749
19755
19757
19760
19772
19790
19803
19804
19812
19818
19825
19833
19844
19847
19853
19855
19857
19863
19881
19887
19897
19919
19924
19939
19954
19967
19980
19991
20005
20019
20029
20049
20060
20070
20075
20095
20109
20118
20127
20128
20129
20132
20140
20147
20164
20170
20172
20179
20181
20188
20205
20208
20210
20223
20238
20261
20278
20291
20324
20331
20356
20360
20361
20366
20377
20406
20414
20424
20449
20474
20479
20491
20511
20512
20526
20540
20545
20549
20553
20557
20565
20573
20576
20595
20596
20598
20602
20619
20646
20654
20662
20679
20682
20695
20707
20712
20722
20731
20735
20741
20744
20745
20784
20788
20818
20830
20835
20840
20851
20865
20867
20877
20879
20894
20898
20912
20921
20924
20931
20941
20954
20972
20982
21006
21012
21040
21067
21082
21092
21094
21132
21133
21134
21138
21145
21146
21170
21195
21207
21236
21239
21256
21268
21269
21272
21279
21282
21295
21296
21304
21329
21332
21342
21352
21358
21360
21392
21401
21413
21428
21433
21454
21483
21498
21509
21520
21523
21533
21534
21551
21562
21573
21578
21587
21589
21601
21624
21653
21664
21665
21667
21698
21702
21708
21721
21757
21774
21783
21789
21812
21825
21831
21832
21838
21846
21858
21867
21889
21892
21903
21904
21905
21938
21944
21972
21982
21985
22019
22026
22059
22064
22065
22066
22069
22079
22095
22100
22101
22120
22124
22126
22133
22137
22139
22146
22150
