5
23
30
41
61
66
79
80
102
110
131
146
147
149
164
165
167
179
181
191
213
226
229
233
250
252
259
266
278
289
293
302
303
329
336
350
353
362
363
390
395
401
402
406
419
422
442
482
501
504
506
510
520
524
550
553
556
567
568
582
583
594
631
644
648
649
654
676
678
683
684
691
701
726
743
750
753
768
775
807
814
821
834
837
851
852
858
861
866
890
898
922
924
931
932
934
961
979
991
1000
1004
1011
1012
1017
1019
1020
1027
1031
1033
1041
1046
1047
1055
1062
1075
1080
1091
1094
1104
1121
1128
1144
1147
1151
1153
1167
1201
1202
1219
1220
1223
1243
1272
1273
1321
1328
1336
1354
1388
1389
1403
1412
1437
1440
1465
1477
1478
1481
1482
1491
1492
1499
1516
1524
1527
1532
1551
1571
1574
1576
1593
1602
1605
1612
1618
1624
1636
1649
1661
1666
1669
1673
1676
1682
1685
1693
1702
1714
1715
1716
1736
1737
1738
1741
1744
1750
1751
1761
1764
1766
1786
1787
1806
1808
1816
1838
1870
1877
1878
1881
1888
1900
1909
1915
1929
1953
1980
1982
1986
1998
2001
2003
2007
2015
2028
2054
2070
2082
2091
2095
2142
2148
2150
2156
2171
2178
2191
2199
2221
2248
2273
2324
2330
2338
2359
2360
2362
2370
2385
2389
2400
2404
2440
2442
2450
2475
2478
2492
2510
2524
2563
2574
2590
2598
2603
2624
2630
2631
2651
2694
2710
2713
2714
2716
2718
2719
2731
2761
2765
2774
2786
2800
2809
2830
2835
2837
2839
2841
2847
2857
2872
2889
2897
2904
2910
2936
2940
2942
2961
2971
2986
2990
3004
3008
3024
3035
3037
3047
3078
3087
3100
3109
3112
3115
3118
3135
3161
3165
3173
3179
3186
3187
3193
3194
3196
3198
3200
3214
3224
3246
3256
3274
3279
3280
3285
3292
3296
3318
3328
3349
3375
3382
3384
3387
3391
3407
3408
3454
3479
3490
3491
3504
3523
3544
3549
3567
3573
3605
3616
3622
3635
3636
3641
3669
3671
3678
3691
3698
3727
3734
3735
3737
3744
3753
3758
3760
3767
3768
3801
3805
3807
3846
3880
3881
3955
3957
3960
3961
3966
3969
3974
4007
4009
4010
4026
4036
4063
4080
4082
4096
4102
4112
4117
4136
4149
4156
4161
4162
4170
4188
4201
4210
4216
4221
4224
4241
4242
4254
4261
4297
4298
4303
4313
4321
4329
4339
4350
4352
4369
4372
4384
4385
4391
4392
4397
4399
4408
4432
4448
4452
4466
4469
4470
4472
4476
4482
4516
4521
4526
4535
4548
4550
4569
4579
4599
4601
4616
4620
4622
4623
4635
4637
4641
4655
4671
4681
4702
4710
4719
4728
4733
4748
4791
4792
4806
4812
4816
4852
4853
4866
4887
4899
4900
4928
4936
4953
4975
4979
4985
4991
5009
5025
5036
5040
5043
5049
5050
5059
5060
5071
5089
5094
5097
5102
5110
5120
5135
5143
5163
5172
5173
5181
5185
5194
5197
5208
5211
5239
5250
5269
5283
5291
5332
5342
5346
5374
5384
5387
5429
5438
5447
5450
5474
5477
5488
5498
5506
5507
5522
5531
5608
5613
5621
5627
5638
5640
5643
5644
5645
5649
5663
5670
5676
5697
5703
5705
5707
5709
5718
5725
5756
5758
5774
5790
5793
5796
5807
5808
5833
5839
5880
5889
5897
5923
5932
5936
5948
5954
5966
5984
5996
5997
6002
6032
6046
6049
6052
6065
6066
6112
6127
6133
6139
6145
6147
6159
6165
6170
6180
6191
6203
6218
6224
6226
6228
6231
6238
6247
6251
6266
6290
6293
6311
6333
6346
6368
6372
6379
6381
6387
6397
6402
6416
6424
6441
6453
6459
6465
6480
6492
6496
6527
6529
6537
6567
6589
6590
6600
6608
6620
6635
6636
6645
6660
6667
6669
6677
6687
6691
6695
6723
6729
6739
6744
6745
6750
6764
6781
6788
6804
6809
6819
6823
6834
6837
6841
6855
6861
6868
6869
6871
6880
6888
6891
6896
6903
6904
6911
6920
6927
6938
6941
6956
6962
7005
7010
7025
7032
7041
7043
7044
7048
7049
7090
7119
7120
7125
7126
7129
7139
7144
7146
7156
7163
7171
7180
7183
7208
7219
7224
7236
7238
7255
7258
7282
7286
7299
7307
7308
7310
7311
7319
7323
7329
7334
7341
7374
7406
7414
7444
7461
7468
7478
7481
7494
7510
7512
7530
7540
7542
7565
7583
7609
7613
7618
7619
7625
7631
7651
7668
7681
7683
7694
7713
7717
7718
7762
7771
7774
7781
7782
7801
7806
7807
7813
7827
7844
7853
7862
7895
7896
7903
7915
7933
7941
7965
7971
7972
7981
7994
7995
8003
8004
8008
8009
8021
8022
8026
8027
8028
8059
8060
8063
8067
8071
8085
8087
8100
8105
8110
8116
8129
8134
8147
8150
8151
8158
8177
8178
8180
8193
8194
8201
8221
8229
8234
8241
8250
8270
8291
8293
8294
8307
8308
8322
8329
8346
8356
8365
8388
8403
8419
8422
8440
8455
8456
8469
8488
8500
8515
8522
8558
8565
8588
8600
8612
8623
8624
8627
8635
8651
8653
8707
8709
8710
8715
8723
8729
8737
8738
8739
8784
8822
8853
8872
8889
8910
8919
8929
8964
9011
9018
9035
9059
9066
9078
9096
9104
9115
9122
9128
9135
9144
9145
9149
9179
9190
9192
9196
9212
9219
9223
9228
9233
9252
9254
9259
9266
9270
9273
9281
9306
9310
9317
9320
9337
9338
9342
9365
9371
9376
9384
9387
9391
9393
9397
9410
9421
9426
9440
9467
9474
9477
9484
9489
9506
9509
9511
9514
9517
9520
9524
9526
9549
9567
9587
9602
9628
9633
9642
9647
9659
9662
9666
9668
9706
9712
9725
9731
9743
9750
9754
9763
9770
9771
9772
9779
9791
9792
9805
9814
9825
9843
9847
9853
9856
9872
9893
9927
9950
9962
9986
9992
9994
10021
10025
10042
10043
10044
10048
10059
10063
10076
10090
10096
10104
10105
10122
10123
10126
10151
10152
10154
10173
10181
10197
10200
10240
10241
10250
10258
10263
10267
10283
10284
10292
10297
10299
10308
10309
10314
10319
10329
10331
10336
10337
10362
10381
10393
10407
10408
10417
10434
10439
10444
10445
10452
10460
10463
10485
10491
10496
10510
10516
10527
10528
10533
10537
10571
10578
10587
10588
10599
10601
10603
10606
10608
10620
10644
10656
10657
10661
10691
10694
10715
10716
10741
10742
10748
10759
10768
10770
10781
10795
10800
10821
10837
10841
10860
10862
10869
10876
10885
10892
10899
10926
10942
10953
10957
10964
10965
10983
10987
11013
11023
11040
11041
11045
11056
11062
11104
11105
11124
11134
11137
11159
11165
11168
11191
11207
11210
11211
11244
11272
11285
11301
11348
11351
11359
11364
11365
11373
11376
11379
11380
11385
11387
11391
11414
11418
11436
11449
11460
11461
11469
11476
11495
11496
11497
11500
11522
11567
11580
11582
11608
11612
11628
11655
11658
11668
11684
11705
11713
11735
11741
11753
11758
11761
11776
11782
11794
11800
11801
11822
11832
11839
11853
11876
11887
11888
11918
11931
11939
11951
11954
11957
11966
11975
11990
12015
12018
12023
12049
12065
12076
12097
12106
12111
12126
12136
12137
12143
12149
12162
12178
12198
12232
12286
12288
12289
12291
12301
12303
12306
12317
12320
12336
12337
12348
12361
12363
12382
12385
12392
12394
12407
12408
12420
12428
12432
12439
12445
12464
12492
12494
12505
12511
12527
12532
12542
12557
12579
12582
12585
12608
12612
12648
12660
12662
12677
12682
12690
12701
12704
12706
12713
12725
12762
12764
12766
12775
12779
12804
12815
12821
12824
12827
12829
12844
12862
12866
12868
12886
12888
12896
12899
12915
12939
12949
12954
12956
12977
12991
12993
12997
13013
13030
13038
13052
13058
13062
13066
13072
13074
13081
13088
13121
13132
13137
13152
13158
13177
13183
13186
13199
13213
13218
13219
13226
13227
13243
13271
13278
13279
13322
13333
13335
13336
13344
13355
13360
13390
13401
13412
13413
13418
13422
13429
13433
13436
13441
13443
13449
13503
13504
13514
13516
13519
13528
13540
13541
13543
13598
13601
13605
13606
13629
13638
13646
13667
13677
13680
13682
13685
13699
13726
13736
13762
13771
13774
13778
13835
13851
13854
13856
13860
13873
13875
13897
13902
13919
13925
13932
13940
13944
13946
13967
13979
13997
13999
14001
14008
14014
14030
14039
14054
14059
14065
14077
14097
14098
14101
14108
14116
14119
14126
14134
14156
14164
14184
14199
14202
14219
14222
14245
14249
14257
14278
14305
14316
14317
14347
14358
14366
14370
14373
14374
14380
14384
14385
14395
14415
14422
14424
14432
14444
14451
14455
14469
14471
14476
14492
14517
14547
14557
14564
14577
14583
14584
14625
14628
14629
14641
14647
14648
14671
14672
14673
14701
14727
14733
14750
14765
14767
14777
14786
14787
14816
14819
14820
14821
14828
14834
14843
14871
14872
14878
14885
14887
14892
14903
14911
14918
14921
14923
14928
14952
14953
14966
14976
14986
14995
15005
15031
15039
15051
15056
15085
15098
15107
15113
15123
15127
15137
15145
15153
15166
15185
15188
15193
15194
15195
15217
15222
15239
15248
15250
15265
15282
15295
15300
15303
15306
15311
15329
15331
15345
15350
15373
15378
15392
15414
15422
15464
15484
15487
15491
15507
15508
15517
15536
15551
15552
15555
15570
15589
15598
15613
15615
15621
15622
15631
15653
15656
15658
15661
15677
15680
15700
15710
15711
15713
15729
15733
15734
15741
15751
15754
15758
15781
15822
15825
15829
15842
15845
15849
15853
15855
15863
15866
15925
15928
15945
15947
15948
15952
15971
15991
16006
16010
16017
16026
16033
16043
16044
16065
16085
16086
16089
16100
16111
16113
16134
16152
16160
16180
16183
16186
16207
16208
16222
16256
16288
16293
16296
16310
16312
16318
16332
16342
16359
16361
16363
16364
16378
16388
16393
16399
16405
16411
16413
16416
16426
16454
16465
16478
16483
16487
16495
16506
16521
16524
16534
16543
16559
16562
16564
16584
16586
16600
16620
16621
16628
16631
16652
16658
16660
16662
16663
16688
16689
16693
16703
16720
16725
16728
16745
16757
16764
16770
16771
16775
16787
16793
16794
16796
16810
16847
16848
16852
16855
16874
16879
16890
16893
16927
16929
16930
16936
16952
16953
16959
16963
16969
16970
16995
16996
16997
17000
17006
17008
17015
17025
17048
17056
17060
17072
17082
17099
17119
17122
17127
17152
17169
17171
17181
17186
17190
17194
17201
17209
17212
17214
17216
17220
17221
17222
17267
17279
17283
17285
17292
17297
17304
17305
17313
17317
17320
17323
17331
17338
17347
17348
17349
17357
17362
17369
17389
17391
17404
17406
17408
17413
17422
17460
17480
17483
17494
17495
17505
17515
17520
17530
17536
17567
17568
17606
17613
17620
17626
17646
17661
17666
17686
17687
17689
17694
17699
17711
17715
17742
17754
17756
17770
17786
17787
17798
17801
17811
17812
17813
17815
17833
17855
17856
17861
17871
17877
17880
17889
17891
17897
17905
17907
17909
17933
17942
17943
17952
17971
17972
17987
17996
18016
18026
18031
18046
18074
18080
18087
18093
18096
18103
18104
18118
18157
18166
18170
18216
18223
18226
18254
18258
18269
18276
18280
18306
18312
18313
18319
18325
18347
18349
18354
18392
18399
18404
18416
18424
18451
18453
18454
18457
18475
18477
18483
18497
18500
18502
18508
18523
18529
18530
18535
18553
18558
18577
18616
18623
18624
18636
18642
18649
18656
18690
18706
18711
18750
18754
18759
18772
18775
18777
18780
18785
18786
18813
18819
18820
18823
18824
18858
18861
18872
18886
18887
18895
18907
18913
18917
18926
18931
18942
18949
18993
19017
19021
19035
19048
19049
19058
19062
19071
19094
19097
19103
19107
19117
19130
19134
19149
19169
19173
19191
19203
19214
19216
19225
19226
19233
19241
19245
19248
19250
19288
19294
19295
19298
19318
19323
19367
19369
19373
19382
19385
19392
19397
19415
19417
19422
19437
19455
19465
19473
19490
19502
19524
19539
19546
19550
19552
19567
19597
19603
19630
19633
19636
19646
19650
19660
19664
19680
19684
19696
19697
19700
19704
19723
19725
19758
19761
19775
19778
19784
19788
19791
19826
19828
19829
19834
19839
19840
19850
19860
19870
19879
19888
19908
19910
19920
19927
19934
19935
19941
19943
19945
19947
19952
19969
19975
19982
19997
20002
20026
20034
20035
20036
20068
20077
20079
20080
20082
20086
20091
20092
20103
20123
20134
20135
20146
20152
20160
20167
20174
20197
20202
20206
20209
20225
20227
20240
20266
20268
20274
20275
20280
20290
20308
20323
20329
20330
20333
20336
20339
20343
20364
20386
20394
20398
20415
20418
20425
20427
20433
20437
20442
20443
20452
20460
20469
20470
20473
20475
20490
20495
20500
20509
20529
20532
20544
20554
20558
20560
20563
20569
20582
20601
20607
20611
20620
20626
20635
20667
20671
20676
20688
20708
20714
20727
20728
20752
20775
20777
20810
20821
20823
20848
20862
20864
20869
20871
20899
20902
20904
20907
20918
20940
20945
20952
20963
20964
20970
20974
21008
21010
21018
21039
21044
21071
21103
21105
21128
21144
21150
21155
21156
21157
21168
21180
21201
21210
21225
21234
21235
21299
21313
21328
21337
21361
21373
21382
21387
21388
21397
21404
21405
21406
21421
21432
21458
21459
21479
21496
21497
21505
21530
21536
21538
21561
21582
21590
21594
21603
21613
21620
21621
21628
21669
21670
21672
21673
21686
21691
21694
21717
21731
21740
21745
21748
21754
21799
21803
21841
21844
21847
21849
21851
21870
21877
21920
21927
21932
21957
21960
21961
21964
21965
21967
21976
21980
21988
21991
21996
22012
22014
22017
22030
22033
22039
22044
22052
22053
22054
22058
22071
22076
22077
22083
22103
22107
22115
22131
22134
22140
22143
22148
