0
6
7
18
21
27
38
56
68
72
86
98
101
111
122
127
136
138
150
152
168
175
188
189
211
235
245
273
276
279
281
290
309
324
326
328
338
341
342
349
356
364
365
389
392
407
408
421
445
459
471
481
483
498
499
505
511
513
533
546
552
558
566
571
597
609
629
632
641
647
652
667
673
698
699
700
708
712
715
721
725
729
742
757
783
794
812
827
842
875
878
882
895
899
940
941
942
947
953
954
957
958
959
974
978
980
983
998
1009
1014
1023
1030
1065
1070
1076
1083
1093
1109
1118
1127
1130
1135
1140
1162
1168
1180
1184
1185
1194
1198
1203
1204
1210
1211
1234
1253
1254
1259
1261
1280
1281
1284
1291
1304
1306
1339
1355
1356
1364
1369
1371
1386
1405
1407
1410
1415
1417
1418
1420
1452
1456
1460
1469
1488
1513
1519
1529
1531
1541
1545
1554
1562
1573
1580
1625
1635
1639
1683
1691
1727
1755
1757
1781
1798
1814
1823
1837
1848
1851
1859
1875
1882
1908
1918
1940
1947
1949
1971
1987
2005
2009
2013
2023
2026
2037
2045
2049
2058
2063
2065
2079
2089
2097
2116
2123
2125
2140
2144
2149
2151
2153
2154
2161
2177
2192
2198
2207
2219
2224
2251
2255
2272
2276
2286
2291
2313
2318
2331
2332
2367
2375
2381
2391
2410
2419
2422
2423
2426
2427
2430
2441
2464
2466
2482
2484
2493
2499
2504
2507
2508
2520
2529
2541
2556
2557
2558
2560
2593
2607
2609
2621
2622
2626
2634
2637
2647
2650
2676
2700
2704
2706
2728
2733
2745
2754
2766
2772
2778
2781
2813
2814
2827
2838
2844
2845
2862
2867
2871
2886
2894
2909
2911
2917
2921
2930
2931
2938
2969
2970
2976
2987
2997
2998
3003
3010
3016
3026
3027
3028
3057
3060
3062
3067
3072
3108
3123
3132
3134
3145
3163
3184
3190
3215
3226
3237
3259
3271
3283
3284
3301
3303
3312
3313
3316
3325
3339
3341
3358
3361
3363
3364
3365
3367
3369
3374
3390
3394
3405
3423
3439
3461
3463
3470
3474
3488
3493
3511
3514
3528
3569
3580
3596
3603
3610
3614
3642
3648
3653
3662
3663
3683
3692
3697
3700
3703
3704
3738
3764
3793
3795
3802
3814
3848
3858
3864
3866
3886
3889
3898
3901
3912
3914
3932
3940
3950
3953
3954
3976
3991
3997
3998
4012
4016
4021
4024
4041
4056
4060
4074
4089
4135
4144
4148
4159
4168
4169
4173
4178
4222
4225
4230
4234
4245
4246
4268
4269
4273
4310
4315
4319
4347
4389
4394
4416
4426
4431
4438
4450
4468
4473
4478
4484
4509
4512
4520
4528
4541
4544
4565
4588
4594
4605
4611
4631
4645
4654
4680
4691
4695
4721
4726
4738
4752
4758
4768
4817
4835
4839
4842
4850
4855
4890
4903
4906
4911
4917
4923
4945
4947
4948
4956
4974
4980
4994
5006
5026
5030
5031
5038
5039
5078
5082
5084
5087
5109
5112
5114
5118
5123
5167
5180
5188
5193
5198
5244
5258
5268
5282
5303
5304
5308
5320
5337
5354
5363
5373
5386
5407
5408
5416
5427
5440
5454
5486
5492
5508
5512
5516
5527
5529
5530
5532
5546
5563
5578
5580
5620
5628
5629
5635
5654
5655
5659
5678
5701
5702
5712
5723
5727
5746
5748
5757
5767
5777
5778
5799
5814
5819
5821
5824
5835
5840
5847
5849
5873
5875
5885
5898
5901
5904
5905
5906
5910
5917
5918
5922
5927
5928
5947
5951
5958
5969
5978
5985
5987
5994
6007
6016
6018
6022
6038
6041
6050
6053
6062
6069
6076
6085
6087
6089
6094
6095
6101
6126
6137
6144
6152
6161
6167
6168
6172
6179
6211
6214
6217
6243
6244
6250
6255
6257
6267
6269
6271
6275
6323
6328
6342
6343
6364
6374
6378
6388
6392
6400
6406
6451
6455
6461
6462
6469
6506
6509
6519
6533
6536
6550
6573
6580
6587
6588
6601
6604
6607
6611
6619
6632
6639
6647
6651
6659
6690
6696
6703
6710
6711
6726
6737
6741
6746
6767
6778
6836
6838
6840
6842
6849
6852
6881
6897
6905
6912
6921
6929
6934
6940
6950
6955
6961
6986
6989
7030
7033
7067
7073
7076
7084
7087
7089
7098
7101
7103
7108
7115
7117
7124
7135
7137
7140
7148
7167
7191
7193
7196
7200
7202
7213
7217
7245
7247
7250
7251
7253
7264
7273
7275
7298
7318
7330
7335
7339
7351
7353
7390
7395
7397
7425
7428
7430
7433
7437
7458
7473
7480
7486
7492
7517
7543
7558
7560
7567
7576
7577
7582
7598
7620
7638
7641
7653
7659
7662
7669
7671
7676
7679
7680
7707
7709
7719
7734
7744
7758
7760
7767
7779
7788
7789
7822
7823
7824
7831
7839
7843
7865
7875
7889
7908
7919
7922
7925
7935
7988
7998
8001
8012
8023
8025
8037
8042
8062
8066
8074
8095
8096
8115
8117
8125
8140
8162
8163
8164
8176
8181
8186
8200
8207
8216
8224
8256
8261
8273
8281
8290
8296
8298
8309
8325
8334
8338
8339
8349
8355
8358
8361
8367
8381
8394
8398
8406
8411
8415
8458
8473
8493
8501
8503
8524
8529
8535
8541
8550
8560
8569
8570
8571
8572
8578
8580
8589
8597
8603
8621
8630
8639
8643
8644
8661
8676
8677
8678
8683
8685
8688
8695
8703
8711
8718
8720
8721
8749
8750
8752
8764
8768
8769
8779
8790
8792
8796
8798
8811
8817
8829
8856
8870
8873
8876
8878
8881
8882
8883
8918
8927
8931
8939
8943
8962
8973
8978
8987
8989
8991
8995
9004
9006
9025
9028
9038
9040
9043
9048
9060
9064
9070
9071
9079
9083
9089
9102
9103
9127
9134
9164
9197
9205
9211
9227
9230
9243
9263
9283
9288
9291
9300
9305
9309
9316
9318
9322
9326
9339
9357
9368
9374
9399
9404
9411
9431
9443
9457
9458
9471
9481
9528
9537
9542
9551
9552
9553
9559
9562
9564
9571
9572
9576
9582
9601
9603
9604
9613
9632
9652
9653
9657
9661
9692
9698
9726
9746
9752
9773
9775
9782
9786
9794
9811
9820
9828
9830
9831
9837
9842
9846
9849
9864
9923
9931
9952
9960
9966
9968
9981
9983
9985
10014
10026
10031
10038
10040
10056
10074
10077
10087
10088
10091
10113
10127
10138
10166
10175
10177
10178
10186
10191
10201
10208
10213
10215
10225
10227
10230
10233
10234
10242
10249
10270
10276
10278
10281
10286
10290
10318
10322
10323
10326
10354
10365
10366
10376
10384
10389
10409
10416
10418
10421
10422
10435
10449
10492
10494
10500
10522
10531
10546
10559
10561
10581
10582
10585
10595
10610
10613
10622
10628
10632
10636
10650
10660
10673
10686
10688
10697
10709
10711
10721
10728
10732
10747
10767
10769
10773
10775
10805
10814
10815
10824
10830
10844
10857
10863
10873
10877
10882
10895
10901
10904
10906
10911
10912
10922
10924
10927
10946
10961
10966
10967
10973
11006
11029
11039
11073
11077
11078
11079
11080
11107
11108
11110
11113
11115
11132
11136
11141
11149
11150
11162
11175
11179
11183
11192
11203
11232
11236
11247
11249
11256
11259
11261
11264
11282
11290
11291
11296
11297
11299
11319
11326
11328
11329
11330
11350
11355
11401
11420
11421
11428
11454
11456
11465
11472
11473
11498
11506
11530
11553
11555
11572
11578
11591
11598
11625
11632
11635
11639
11651
11653
11656
11670
11680
11685
11714
11718
11736
11738
11739
11787
11789
11792
11807
11812
11818
11833
11838
11845
11848
11864
11869
11871
11878
11900
11909
11910
11932
11963
11967
11970
11980
11986
12011
12016
12022
12034
12055
12060
12067
12089
12094
12101
12102
12109
12156
12182
12220
12226
12230
12234
12247
12285
12292
12293
12307
12313
12324
12334
12372
12437
12438
12440
12442
12447
12459
12462
12468
12471
12481
12503
12512
12518
12521
12553
12565
12593
12595
12600
12614
12632
12635
12636
12658
12699
12716
12726
12730
12731
12738
12746
12752
12754
12777
12788
12793
12799
12800
12810
12811
12813
12818
12819
12838
12840
12841
12861
12883
12890
12894
12905
12910
12916
12917
12929
12941
12943
12962
12963
12970
12980
12981
13009
13010
13046
13047
13057
13076
13099
13103
13110
13124
13136
13142
13144
13145
13166
13181
13188
13191
13206
13208
13214
13215
13223
13236
13242
13250
13252
13258
13265
13267
13273
13282
13300
13314
13317
13332
13353
13356
13379
13380
13382
13384
13386
13388
13407
13420
13457
13458
13462
13463
13464
13485
13498
13501
13509
13530
13533
13537
13539
13542
13544
13559
13562
13566
13569
13573
13593
13624
13637
13642
13648
13661
13666
13679
13694
13698
13714
13721
13731
13743
13758
13773
13776
13779
13791
13793
13810
13815
13818
13820
13827
13829
13831
13844
13870
13882
13886
13887
13907
13915
13916
13929
13949
13965
13974
13976
13994
13995
14000
14005
14017
14021
14032
14037
14084
14090
14092
14095
14111
14146
14159
14160
14169
14186
14198
14206
14212
14215
14216
14218
14230
14240
14275
14277
14287
14292
14313
14332
14340
14369
14392
14419
14425
14438
14443
14480
14489
14503
14533
14535
14537
14540
14545
14554
14558
14570
14580
14590
14599
14603
14640
14653
14670
14690
14693
14696
14698
14700
14702
14704
14707
14714
14726
14742
14771
14797
14805
14810
14845
14856
14880
14889
14895
14904
14916
14926
14936
14958
14968
14971
14974
14992
15023
15024
15040
15047
15057
15067
15068
15071
15079
15102
15105
15122
15128
15155
15159
15160
15163
15164
15168
15171
15191
15204
15205
15219
15221
15227
15243
15247
15249
15262
15264
15267
15268
15296
15301
15305
15307
15310
15315
15316
15337
15338
15348
15352
15369
15379
15384
15412
15425
15426
15434
15441
15451
15463
15465
15466
15482
15489
15493
15527
15538
15556
15562
15569
15585
15599
15610
15667
15670
15676
15679
15687
15720
15744
15755
15765
15771
15773
15775
15776
15777
15785
15795
15810
15812
15814
15848
15867
15908
15911
15937
15950
15973
15976
15982
15985
15988
15992
16009
16039
16048
16061
16072
16079
16093
16104
16110
16112
16115
16120
16121
16125
16128
16145
16154
16195
16206
16217
16228
16230
16241
16254
16276
16304
16319
16328
16345
16348
16354
16357
16365
16367
16379
16390
16398
16402
16423
16437
16450
16460
16462
16469
16480
16508
16522
16547
16553
16567
16580
16587
16601
16605
16629
16640
16649
16657
16686
16716
16721
16731
16739
16749
16765
16769
16797
16798
16812
16817
16828
16829
16832
16840
16841
16845
16849
16851
16877
16878
16894
16903
16914
16943
16950
16971
16977
17004
17005
17017
17033
17046
17052
17055
17059
17061
17062
17065
17070
17077
17084
17086
17088
17104
17120
17140
17148
17159
17162
17167
17173
17215
17217
17219
17250
17261
17290
17303
17315
17321
17336
17353
17361
17393
17394
17398
17399
17407
17438
17452
17457
17458
17459
17467
17472
17482
17490
17498
17500
17511
17514
17516
17532
17538
17550
17553
17574
17576
17583
17592
17600
17617
17618
17625
17627
17636
17655
17658
17662
17678
17684
17703
17708
17713
17718
17719
17755
17757
17768
17772
17773
17777
17785
17791
17802
17805
17831
17862
17883
17892
17894
17919
17966
17983
17989
17992
18010
18014
18020
18023
18034
18041
18049
18050
18054
18063
18065
18071
18102
18110
18111
18130
18152
18164
18182
18183
18198
18200
18215
18221
18236
18247
18253
18255
18256
18263
18283
18299
18303
18307
18321
18323
18346
18378
18396
18397
18405
18426
18440
18473
18479
18481
18489
18490
18498
18506
18513
18522
18531
18573
18575
18578
18589
18590
18591
18596
18597
18608
18613
18619
18620
18633
18638
18654
18658
18660
18676
18678
18682
18683
18702
18723
18726
18728
18735
18737
18740
18746
18751
18757
18762
18763
18789
18800
18801
18810
18822
18827
18830
18847
18849
18857
18864
18866
18873
18881
18908
18909
18915
18959
18970
18977
18986
19025
19030
19041
19043
19060
19066
19069
19082
19091
19116
19120
19133
19138
19145
19157
19162
19165
19202
19205
19217
19244
19246
19249
19254
19255
19268
19291
19306
19320
19321
19325
19326
19329
19330
19332
19333
19339
19363
19368
19379
19386
19389
19391
19404
19442
19451
19453
19458
19463
19466
19471
19501
19530
19540
19568
19569
19572
19580
19584
19598
19619
19620
19621
19629
19642
19652
19661
19666
19669
19670
19676
19678
19692
19695
19698
19716
19717
19721
19724
19741
19745
19747
19770
19780
19783
19798
19801
19806
19811
19835
19845
19858
19859
19865
19885
19892
19896
19906
19909
19921
19933
19938
19951
19953
19976
19984
19989
20003
20012
20017
20023
20025
20043
20047
20059
20066
20105
20114
20139
20142
20149
20156
20165
20211
20231
20237
20239
20241
20247
20249
20250
20254
20264
20269
20287
20298
20305
20316
20322
20325
20332
20350
20352
20359
20380
20382
20390
20395
20403
20407
20419
20420
20426
20438
20439
20447
20451
20458
20464
20488
20493
20499
20507
20510
20533
20538
20555
20556
20566
20567
20571
20583
20592
20603
20608
20618
20628
20640
20641
20649
20657
20660
20666
20670
20683
20685
20697
20703
20715
20739
20740
20742
20765
20772
20773
20783
20811
20812
20822
20834
20856
20866
20870
20875
20878
20883
20891
20893
20911
20919
20953
20956
20969
20984
21029
21030
21037
21046
21054
21083
21090
21113
21147
21158
21160
21162
21178
21186
21196
21202
21226
21230
21243
21248
21254
21261
21264
21273
21274
21308
21321
21339
21340
21341
21354
21380
21381
21396
21399
21425
21429
21441
21448
21467
21482
21484
21493
21510
21511
21516
21518
21519
21528
21548
21552
21554
21560
21575
21580
21596
21598
21599
21602
21609
21612
21616
21629
21635
21646
21648
21651
21668
21674
21675
21678
21679
21687
21692
21697
21699
21709
21710
21712
21723
21737
21742
21759
21763
21764
21766
21786
21787
21790
21792
21793
21794
21797
21802
21805
21810
21815
21820
21821
21822
21836
21843
21863
21865
21872
21883
21888
21891
21907
21910
21912
21914
21918
21923
21925
21926
21931
21939
21951
21954
21959
21963
21970
21973
21977
21998
21999
22015
22018
22028
22040
22041
22072
22081
22092
22132
22141
22155
22156
