4
12
14
16
17
28
29
42
44
54
60
73
74
85
87
93
95
96
115
119
121
125
134
153
162
180
182
212
220
239
244
265
271
282
286
294
298
306
316
368
370
382
385
398
409
420
436
439
447
456
487
507
526
529
538
542
544
549
555
586
587
591
592
593
604
615
639
640
657
687
694
697
705
706
720
723
730
748
752
754
793
802
805
808
819
824
826
828
840
859
863
864
867
869
872
874
881
884
889
900
907
919
930
939
949
972
977
984
994
995
996
1013
1028
1037
1051
1058
1063
1085
1086
1095
1100
1119
1123
1124
1142
1154
1188
1189
1200
1212
1215
1226
1227
1248
1262
1263
1268
1370
1379
1390
1413
1422
1426
1430
1441
1458
1462
1480
1500
1522
1534
1535
1537
1555
1563
1566
1569
1577
1589
1591
1599
1623
1627
1631
1645
1681
1698
1699
1700
1701
1709
1710
1720
1723
1725
1730
1732
1733
1734
1756
1773
1776
1779
1788
1810
1819
1844
1856
1864
1866
1897
1919
1921
1924
1930
1936
1951
1956
1966
1975
1989
1995
2000
2069
2073
2075
2088
2096
2105
2109
2118
2120
2130
2132
2136
2155
2165
2172
2188
2195
2197
2223
2225
2236
2249
2274
2288
2296
2305
2311
2312
2321
2334
2348
2377
2378
2392
2397
2406
2408
2413
2428
2432
2438
2448
2454
2469
2485
2486
2498
2502
2514
2517
2519
2522
2526
2528
2535
2539
2549
2561
2567
2568
2570
2575
2576
2578
2582
2591
2596
2604
2619
2641
2648
2649
2660
2665
2667
2673
2684
2707
2709
2720
2721
2758
2795
2843
2850
2861
2874
2876
2877
2890
2900
2903
2908
2926
2929
2932
2945
2954
2958
2960
2968
3000
3006
3015
3019
3036
3048
3049
3055
3058
3068
3070
3073
3084
3092
3095
3096
3101
3120
3124
3130
3155
3158
3160
3177
3182
3197
3210
3216
3228
3243
3247
3257
3268
3269
3276
3281
3289
3293
3310
3314
3351
3359
3372
3376
3389
3396
3398
3410
3426
3430
3446
3449
3455
3458
3459
3468
3473
3485
3487
3489
3513
3522
3548
3563
3566
3571
3600
3611
3630
3631
3649
3650
3660
3666
3672
3687
3693
3694
3696
3711
3719
3724
3766
3770
3783
3788
3799
3800
3806
3820
3829
3832
3837
3842
3853
3860
3862
3873
3882
3892
3906
3913
3921
3943
3958
3968
3970
3989
3990
4005
4017
4023
4025
4028
4029
4057
4107
4133
4145
4151
4158
4164
4172
4182
4212
4231
4263
4265
4271
4274
4276
4277
4279
4282
4294
4299
4302
4305
4332
4349
4356
4360
4362
4381
4402
4405
4428
4440
4444
4464
4485
4499
4503
4504
4507
4543
4571
4595
4596
4604
4612
4614
4651
4653
4660
4664
4669
4679
4682
4707
4714
4718
4736
4750
4763
4793
4797
4804
4834
4836
4845
4857
4867
4871
4872
4874
4877
4884
4904
4933
4960
4977
4978
4984
5012
5013
5017
5020
5021
5032
5044
5051
5063
5068
5070
5075
5081
5093
5096
5098
5113
5116
5121
5132
5134
5144
5156
5158
5164
5176
5182
5183
5200
5202
5212
5217
5218
5226
5234
5241
5247
5249
5256
5259
5260
5272
5273
5288
5297
5306
5309
5310
5311
5312
5323
5324
5328
5338
5381
5385
5401
5419
5420
5441
5448
5453
5456
5463
5468
5504
5511
5553
5565
5582
5585
5588
5601
5606
5639
5665
5667
5686
5689
5691
5692
5694
5699
5700
5734
5737
5741
5744
5749
5762
5782
5789
5791
5792
5806
5834
5848
5851
5854
5878
5886
5913
5926
5933
5938
5955
5977
5999
6000
6006
6024
6079
6082
6099
6100
6104
6106
6107
6110
6119
6123
6124
6140
6149
6151
6173
6186
6187
6199
6200
6202
6204
6205
6216
6225
6227
6241
6302
6303
6308
6316
6326
6349
6360
6369
6373
6377
6383
6404
6409
6410
6412
6425
6429
6435
6460
6466
6470
6471
6483
6486
6500
6505
6518
6526
6531
6548
6556
6561
6568
6572
6575
6583
6584
6585
6586
6610
6617
6633
6637
6646
6648
6694
6700
6730
6734
6776
6780
6784
6798
6807
6812
6815
6851
6859
6877
6892
6898
6919
6924
6937
6951
6952
6963
6967
6970
6974
6987
6988
7006
7011
7031
7064
7069
7082
7092
7107
7130
7138
7151
7165
7179
7192
7203
7207
7211
7232
7254
7256
7265
7270
7276
7300
7302
7304
7305
7342
7357
7369
7377
7378
7383
7388
7435
7443
7448
7459
7463
7465
7467
7477
7479
7484
7490
7505
7506
7508
7509
7513
7529
7533
7539
7549
7552
7559
7562
7563
7591
7593
7594
7606
7610
7614
7627
7628
7633
7639
7643
7656
7658
7674
7685
7687
7710
7712
7724
7725
7731
7757
7759
7761
7775
7787
7794
7797
7799
7802
7821
7830
7835
7846
7855
7858
7867
7878
7905
7916
7921
7923
7929
7949
7968
7985
7996
7997
7999
8013
8019
8056
8070
8088
8091
8094
8098
8106
8127
8128
8148
8155
8185
8205
8208
8217
8227
8247
8252
8259
8288
8336
8337
8351
8363
8370
8382
8386
8400
8405
8412
8436
8441
8453
8459
8464
8465
8484
8491
8518
8520
8555
8567
8573
8584
8594
8608
8619
8632
8638
8649
8654
8664
8666
8689
8694
8704
8705
8708
8724
8733
8747
8755
8758
8763
8800
8803
8816
8825
8833
8848
8854
8866
8880
8884
8891
8937
8951
8972
8974
8990
9009
9029
9056
9068
9075
9112
9114
9117
9119
9120
9129
9137
9143
9146
9150
9159
9175
9180
9186
9188
9199
9215
9220
9224
9239
9246
9262
9279
9340
9359
9370
9379
9389
9394
9400
9406
9407
9408
9419
9433
9453
9463
9492
9500
9557
9570
9575
9579
9585
9589
9592
9594
9595
9616
9620
9623
9663
9674
9682
9685
9687
9690
9694
9700
9705
9741
9760
9762
9764
9766
9788
9798
9839
9840
9850
9851
9859
9862
9868
9873
9874
9876
9883
9889
9895
9907
9908
9909
9911
9914
9924
9934
9940
9941
9942
9949
9954
9956
9965
9976
9979
9998
10010
10050
10052
10061
10067
10068
10075
10079
10080
10093
10100
10106
10109
10116
10128
10134
10160
10170
10176
10182
10203
10209
10217
10219
10220
10239
10245
10254
10255
10268
10272
10274
10275
10277
10305
10315
10330
10352
10370
10378
10379
10395
10420
10437
10447
10473
10477
10478
10489
10501
10506
10542
10551
10567
10580
10598
10623
10641
10668
10675
10679
10683
10684
10695
10706
10722
10729
10744
10746
10750
10764
10778
10780
10816
10822
10833
10838
10846
10848
10856
10910
10921
10929
10938
10943
10952
10959
10963
10972
10990
10991
11004
11024
11032
11038
11049
11051
11063
11064
11067
11082
11084
11112
11118
11142
11154
11160
11190
11198
11206
11216
11219
11221
11230
11242
11248
11276
11280
11293
11300
11314
11320
11336
11338
11340
11363
11378
11392
11394
11395
11400
11406
11437
11445
11464
11494
11503
11518
11524
11532
11533
11536
11539
11554
11575
11586
11590
11601
11613
11622
11638
11657
11663
11682
11683
11689
11704
11707
11722
11724
11728
11729
11734
11742
11749
11750
11767
11780
11788
11795
11804
11819
11823
11837
11842
11849
11851
11860
11862
11866
11898
11908
11913
11917
11922
11929
11935
11987
12001
12003
12005
12014
12021
12027
12028
12035
12052
12054
12086
12087
12103
12107
12120
12127
12135
12140
12150
12152
12166
12168
12172
12179
12187
12209
12212
12235
12245
12252
12253
12254
12266
12282
12295
12315
12329
12345
12359
12397
12430
12449
12451
12452
12454
12458
12461
12463
12488
12498
12501
12519
12520
12523
12529
12533
12541
12545
12546
12547
12563
12574
12575
12578
12580
12586
12604
12624
12627
12631
12641
12643
12647
12651
12654
12657
12666
12668
12672
12674
12675
12678
12680
12681
12692
12694
12723
12727
12734
12736
12743
12753
12780
12781
12786
12801
12802
12822
12839
12842
12863
12864
12867
12876
12880
12891
12897
12918
12922
12927
12942
12950
12964
12969
12978
12995
13005
13007
13016
13035
13048
13054
13063
13085
13095
13173
13189
13190
13193
13230
13241
13254
13259
13266
13286
13294
13316
13318
13324
13326
13334
13343
13345
13349
13395
13396
13399
13402
13406
13411
13424
13439
13442
13444
13453
13482
13487
13489
13517
13521
13549
13554
13571
13576
13582
13585
13591
13592
13595
13603
13617
13627
13631
13636
13640
13643
13653
13659
13684
13689
13708
13737
13740
13746
13753
13755
13757
13759
13770
13781
13782
13787
13788
13797
13817
13832
13859
13866
13876
13883
13890
13898
13903
13913
13937
13945
13950
13955
13962
13964
13970
13991
13992
14027
14034
14051
14058
14061
14062
14072
14078
14080
14082
14088
14091
14105
14109
14120
14147
14152
14155
14168
14171
14175
14181
14193
14196
14208
14229
14231
14252
14253
14254
14256
14266
14268
14276
14284
14286
14288
14289
14291
14295
14299
14310
14311
14344
14350
14360
14361
14363
14367
14407
14409
14410
14420
14439
14448
14462
14464
14468
14481
14500
14504
14509
14513
14520
14528
14541
14589
14594
14604
14606
14612
14630
14652
14659
14678
14679
14682
14687
14703
14717
14720
14725
14731
14732
14745
14747
14761
14768
14806
14832
14839
14848
14861
14867
14868
14893
14901
14907
14910
14922
14944
14951
14956
14963
14965
14977
14988
14994
15000
15002
15008
15016
15020
15021
15037
15041
15053
15066
15069
15072
15099
15103
15112
15143
15177
15180
15211
15216
15237
15241
15242
15275
15294
15326
15334
15354
15358
15361
15364
15381
15390
15391
15395
15400
15402
15411
15421
15428
15432
15445
15450
15453
15456
15478
15496
15503
15504
15513
15520
15526
15540
15545
15549
15574
15590
15591
15592
15594
15606
15647
15649
15665
15671
15675
15715
15728
15738
15740
15778
15780
15782
15808
15809
15823
15824
15831
15832
15850
15864
15874
15885
15897
15909
15913
15926
15930
15940
15958
15963
15969
15972
15980
15990
15995
16015
16023
16028
16037
16038
16047
16051
16084
16087
16090
16101
16102
16109
16114
16127
16133
16153
16165
16212
16223
16231
16234
16249
16257
16270
16277
16278
16283
16287
16289
16292
16320
16329
16337
16341
16344
16370
16372
16376
16407
16424
16427
16428
16439
16489
16490
16501
16504
16505
16509
16511
16517
16523
16526
16531
16537
16540
16548
16549
16561
16570
16583
16597
16599
16616
16647
16648
16650
16653
16680
16682
16691
16695
16706
16718
16722
16741
16783
16806
16813
16814
16818
16822
16827
16830
16842
16843
16853
16854
16862
16863
16868
16898
16904
16905
16908
16926
16956
16960
16968
16978
16979
16985
16986
16991
17002
17009
17024
17028
17029
17045
17069
17075
17080
17092
17094
17103
17115
17124
17130
17132
17134
17141
17164
17172
17176
17193
17195
17199
17203
17208
17218
17226
17230
17232
17234
17239
17244
17273
17284
17306
17312
17335
17341
17354
17367
17368
17373
17377
17379
17390
17411
17415
17418
17419
17432
17435
17440
17441
17450
17455
17471
17481
17510
17513
17526
17531
17533
17535
17546
17547
17548
17551
17566
17589
17591
17616
17623
17629
17630
17632
17645
17657
17660
17667
17682
17693
17704
17706
17731
17745
17752
17753
17766
17799
17806
17809
17823
17838
17840
17843
17857
17870
17873
17896
17901
17914
17938
17940
17955
17974
17988
17991
18000
18001
18002
18011
18044
18047
18064
18075
18081
18094
18100
18105
18120
18132
18133
18136
18140
18148
18155
18159
18163
18165
18173
18190
18192
18194
18205
18209
18234
18239
18240
18244
18248
18267
18274
18287
18294
18298
18308
18310
18318
18320
18328
18329
18334
18340
18355
18363
18372
18374
18379
18389
18393
18395
18409
18417
18419
18428
18450
18452
18470
18486
18487
18496
18525
18528
18540
18541
18542
18544
18545
18555
18556
18566
18567
18570
18572
18581
18585
18598
18603
18606
18615
18617
18645
18646
18650
18704
18720
18722
18729
18734
18738
18765
18768
18784
18791
18792
18809
18850
18852
18862
18865
18911
18919
18933
18934
18940
18941
18946
18947
18957
18969
18984
18998
19004
19005
19008
19016
19019
19026
19083
19085
19088
19089
19105
19122
19131
19136
19143
19148
19155
19158
19164
19176
19182
19185
19186
19187
19197
19208
19212
19222
19229
19237
19256
19257
19264
19272
19277
19297
19313
19334
19340
19341
19345
19356
19365
19374
19388
19416
19418
19425
19426
19438
19439
19440
19476
19483
19491
19492
19496
19531
19543
19549
19565
19571
19590
19594
19622
19638
19641
19657
19663
19675
19708
19711
19715
19720
19731
19759
19767
19774
19777
19787
19800
19824
19830
19831
19836
19861
19862
19864
19873
19890
19898
19899
19907
19913
19925
19929
19955
19959
19968
19970
19981
19999
20009
20013
20018
20055
20056
20061
20102
20104
20120
20138
20143
20162
20163
20178
20201
20203
20222
20246
20255
20259
20283
20284
20292
20299
20304
20309
20315
20320
20327
20341
20342
20351
20363
20369
20379
20385
20388
20396
20397
20408
20410
20412
20432
20450
20456
20466
20483
20494
20501
20504
20506
20513
20515
20520
20528
20530
20541
20561
20578
20579
20588
20589
20590
20615
20627
20631
20642
20647
20650
20651
20655
20675
20692
20702
20713
20721
20738
20781
20782
20786
20804
20809
20813
20820
20825
20826
20827
20829
20849
20888
20892
20917
20933
20938
20939
20942
20948
20950
20958
20962
20977
20986
20993
20995
20999
21004
21005
21009
21019
21021
21025
21041
21045
21050
21052
21063
21066
21069
21086
21097
21119
21126
21127
21129
21137
21164
21171
21173
21184
21187
21191
21193
21209
21221
21232
21263
21267
21288
21292
21298
21302
21306
21318
21338
21349
21359
21362
21366
21374
21377
21379
21393
21416
21422
21427
21430
21438
21445
21476
21480
21487
21495
21524
21549
21555
21617
21623
21626
21627
21634
21639
21642
21644
21654
21690
21704
21724
21736
21738
21746
21749
21756
21758
21760
21762
21769
21771
21773
21788
21800
21817
21829
21830
21834
21856
21879
21881
21887
21896
21909
21915
21917
21928
21941
21943
21958
21966
21974
21975
21978
21993
22031
22036
22037
22049
22073
22080
22082
22091
22106
22116
22119
22123
22127
22129
22144
22152
