3
13
32
34
36
37
45
50
62
69
71
81
100
114
132
140
141
157
163
177
178
185
192
221
222
223
247
296
327
344
346
347
355
379
380
381
384
396
397
410
424
428
431
433
438
451
454
458
473
491
495
515
518
521
527
577
596
598
601
610
630
650
660
662
688
696
702
739
747
756
759
782
784
785
786
788
818
825
836
838
854
865
887
893
894
908
913
915
917
918
929
933
935
937
944
969
981
1003
1006
1026
1035
1049
1052
1059
1067
1077
1141
1146
1156
1160
1161
1174
1192
1195
1199
1206
1207
1222
1233
1257
1267
1282
1292
1305
1309
1313
1320
1335
1337
1338
1351
1365
1368
1375
1392
1394
1395
1397
1401
1411
1419
1421
1423
1457
1466
1470
1479
1490
1498
1510
1517
1525
1530
1536
1539
1543
1561
1568
1595
1606
1628
1630
1640
1642
1665
1668
1672
1674
1689
1692
1695
1705
1707
1722
1728
1748
1752
1775
1795
1799
1809
1826
1828
1847
1861
1871
1879
1906
1911
1916
1920
1928
1931
1932
1937
1941
1942
1952
1957
1978
1979
1983
1985
1991
1996
2014
2019
2022
2035
2041
2047
2052
2057
2131
2133
2134
2160
2167
2181
2190
2211
2215
2222
2241
2247
2254
2256
2258
2262
2275
2292
2310
2319
2328
2339
2340
2343
2344
2354
2356
2361
2386
2395
2409
2424
2443
2445
2447
2495
2500
2509
2511
2534
2538
2543
2545
2548
2550
2553
2554
2564
2579
2581
2584
2587
2606
2610
2613
2633
2636
2643
2644
2653
2669
2682
2686
2687
2701
2717
2723
2724
2726
2729
2734
2739
2740
2749
2759
2764
2770
2779
2785
2823
2828
2848
2853
2856
2864
2865
2869
2870
2883
2898
2924
2925
2946
2951
2972
2977
2981
2982
2993
2996
3001
3009
3032
3034
3038
3045
3050
3065
3069
3071
3075
3081
3082
3098
3102
3125
3138
3147
3171
3180
3220
3221
3222
3223
3232
3238
3240
3245
3265
3282
3290
3300
3302
3304
3308
3326
3362
3373
3385
3388
3413
3432
3436
3441
3444
3464
3480
3496
3499
3505
3531
3540
3542
3554
3561
3565
3581
3588
3597
3604
3607
3619
3620
3629
3633
3634
3640
3643
3657
3670
3682
3684
3685
3690
3706
3726
3728
3729
3733
3739
3740
3774
3812
3821
3838
3840
3850
3852
3870
3876
3883
3887
3894
3896
3907
3908
3924
3945
3959
3962
3965
3971
3983
3994
4002
4008
4042
4047
4048
4049
4051
4058
4059
4067
4069
4083
4088
4091
4100
4103
4105
4123
4139
4143
4153
4174
4186
4192
4194
4196
4204
4205
4207
4209
4228
4238
4248
4250
4253
4256
4258
4292
4324
4342
4346
4355
4373
4382
4383
4406
4410
4411
4418
4437
4456
4459
4474
4489
4508
4517
4518
4523
4534
4537
4549
4561
4585
4587
4593
4609
4618
4627
4630
4636
4639
4640
4643
4646
4657
4659
4661
4674
4677
4696
4716
4723
4754
4755
4771
4774
4777
4796
4810
4814
4815
4828
4832
4838
4844
4846
4856
4859
4861
4873
4881
4895
4896
4898
4935
4982
4993
4996
5045
5062
5067
5106
5127
5148
5162
5166
5168
5169
5170
5179
5192
5199
5206
5207
5209
5220
5221
5235
5237
5255
5285
5293
5305
5313
5318
5339
5344
5347
5351
5352
5357
5358
5375
5378
5380
5392
5396
5399
5412
5417
5422
5423
5425
5434
5457
5470
5472
5491
5493
5514
5515
5526
5538
5543
5571
5596
5602
5603
5607
5612
5672
5673
5677
5681
5704
5719
5726
5747
5752
5755
5760
5763
5801
5816
5820
5861
5868
5872
5877
5884
5895
5896
5920
5925
5935
5944
5945
5960
5986
6012
6023
6030
6031
6034
6036
6037
6039
6045
6054
6057
6059
6064
6109
6117
6132
6142
6154
6166
6175
6176
6198
6207
6208
6220
6230
6240
6272
6277
6283
6287
6356
6362
6365
6370
6414
6415
6442
6445
6478
6484
6495
6504
6528
6534
6542
6552
6554
6560
6574
6597
6668
6680
6683
6685
6692
6698
6705
6717
6718
6719
6727
6731
6742
6748
6757
6762
6773
6782
6785
6786
6791
6792
6796
6862
6878
6882
6886
6915
6916
6917
6932
6933
6979
6991
6995
7009
7016
7020
7023
7040
7052
7061
7062
7068
7074
7075
7083
7105
7110
7111
7136
7143
7154
7155
7162
7177
7185
7194
7197
7199
7210
7214
7220
7228
7241
7243
7257
7259
7263
7266
7269
7274
7278
7279
7283
7287
7301
7303
7314
7327
7352
7356
7385
7393
7411
7418
7436
7439
7447
7471
7476
7491
7499
7523
7525
7526
7535
7536
7544
7571
7572
7575
7578
7579
7580
7588
7595
7623
7661
7684
7708
7722
7727
7746
7793
7810
7814
7819
7826
7840
7847
7850
7861
7880
7886
7893
7904
7909
7912
7927
7931
7953
7957
7961
7969
7970
7975
8006
8014
8032
8055
8075
8077
8078
8092
8107
8131
8141
8152
8156
8159
8183
8190
8214
8218
8240
8244
8251
8277
8302
8314
8319
8324
8328
8333
8348
8352
8360
8362
8369
8371
8377
8385
8389
8401
8417
8430
8445
8476
8478
8486
8502
8514
8527
8540
8548
8549
8552
8607
8631
8637
8668
8670
8681
8682
8740
8754
8770
8773
8782
8786
8801
8832
8834
8838
8844
8852
8860
8861
8885
8903
8908
8912
8924
8925
8932
8935
8941
8952
8966
8967
8970
8984
9001
9014
9023
9030
9039
9041
9045
9053
9055
9061
9073
9082
9092
9098
9108
9125
9126
9133
9138
9156
9167
9183
9189
9191
9208
9222
9226
9231
9244
9264
9271
9278
9280
9282
9293
9299
9329
9344
9356
9363
9364
9366
9373
9377
9385
9402
9409
9414
9416
9423
9434
9447
9461
9490
9495
9497
9499
9503
9532
9533
9539
9540
9541
9544
9550
9583
9593
9600
9606
9618
9636
9658
9670
9675
9695
9717
9729
9736
9739
9753
9761
9778
9784
9787
9790
9800
9801
9810
9815
9816
9823
9841
9848
9869
9875
9879
9884
9888
9890
9904
9925
9932
9988
9990
9991
9993
9999
10008
10015
10018
10022
10030
10036
10073
10078
10089
10092
10097
10102
10124
10139
10161
10174
10180
10189
10196
10207
10218
10246
10282
10294
10296
10298
10301
10334
10340
10351
10356
10364
10392
10399
10427
10432
10438
10448
10451
10457
10467
10474
10475
10483
10484
10508
10511
10512
10560
10562
10565
10600
10605
10616
10625
10627
10631
10638
10639
10663
10664
10693
10696
10698
10702
10719
10724
10725
10736
10737
10745
10771
10774
10783
10785
10799
10803
10807
10818
10820
10826
10855
10858
10867
10870
10880
10887
10891
10896
10897
10908
10913
10916
10918
10925
10979
11008
11015
11016
11018
11050
11053
11059
11065
11068
11070
11074
11101
11117
11138
11152
11153
11158
11161
11163
11166
11172
11178
11182
11188
11194
11196
11227
11239
11252
11255
11262
11263
11265
11266
11274
11275
11277
11286
11308
11322
11337
11342
11345
11384
11397
11431
11452
11482
11484
11516
11520
11528
11541
11547
11552
11561
11565
11569
11573
11574
11576
11577
11583
11587
11593
11595
11599
11611
11621
11642
11659
11667
11673
11675
11677
11695
11702
11719
11748
11764
11773
11783
11785
11786
11806
11817
11824
11834
11840
11852
11858
11902
11940
11948
11950
11977
11993
12000
12006
12008
12010
12032
12036
12048
12053
12057
12063
12066
12069
12088
12091
12093
12099
12108
12145
12146
12147
12175
12186
12192
12197
12205
12214
12222
12229
12244
12249
12255
12260
12261
12262
12268
12276
12277
12296
12310
12326
12328
12339
12374
12378
12388
12389
12398
12401
12405
12410
12413
12415
12416
12431
12465
12473
12482
12484
12500
12504
12535
12543
12555
12560
12571
12590
12594
12598
12610
12621
12638
12642
12646
12661
12663
12667
12696
12718
12722
12759
12771
12783
12785
12791
12807
12830
12833
12843
12848
12851
12855
12871
12900
12913
12919
12920
12946
12971
12976
12992
12998
13002
13021
13026
13036
13037
13039
13041
13068
13080
13089
13109
13113
13116
13130
13131
13133
13155
13171
13175
13202
13205
13210
13238
13240
13244
13264
13272
13276
13289
13302
13306
13313
13337
13359
13371
13377
13378
13385
13391
13404
13414
13415
13427
13438
13447
13460
13465
13483
13488
13499
13522
13526
13538
13558
13565
13574
13583
13630
13650
13657
13668
13687
13690
13692
13696
13705
13706
13717
13719
13727
13744
13768
13780
13794
13799
13804
13812
13838
13843
13848
13861
13888
13892
13893
13908
13909
13911
13917
13918
13922
13938
13960
13968
13973
13983
14009
14026
14029
14043
14046
14047
14050
14076
14107
14128
14135
14136
14148
14150
14151
14158
14173
14185
14188
14192
14201
14217
14220
14226
14237
14239
14248
14273
14290
14319
14330
14335
14357
14375
14378
14393
14418
14428
14430
14445
14456
14457
14460
14478
14482
14491
14496
14526
14531
14532
14550
14561
14562
14579
14581
14585
14586
14597
14602
14622
14627
14632
14638
14646
14663
14664
14666
14680
14694
14695
14710
14722
14723
14738
14751
14754
14755
14772
14792
14793
14831
14836
14838
14842
14860
14896
14905
14929
14959
14970
14978
14998
15004
15012
15014
15028
15044
15055
15070
15077
15082
15101
15111
15120
15141
15142
15174
15179
15192
15199
15203
15212
15213
15224
15233
15238
15259
15284
15288
15289
15292
15293
15298
15319
15342
15393
15397
15431
15439
15442
15468
15471
15483
15486
15490
15492
15505
15515
15516
15550
15553
15568
15571
15573
15584
15586
15587
15596
15657
15663
15672
15684
15685
15731
15737
15746
15747
15749
15756
15757
15759
15760
15783
15806
15807
15836
15851
15858
15879
15883
15884
15887
15895
15901
15912
15931
15936
15956
15962
15974
15978
15986
15998
16008
16029
16034
16036
16050
16056
16059
16067
16083
16088
16099
16157
16162
16164
16169
16173
16177
16182
16193
16194
16216
16220
16221
16224
16232
16238
16244
16255
16261
16265
16279
16302
16306
16311
16315
16331
16338
16349
16351
16358
16377
16425
16432
16444
16456
16463
16470
16477
16485
16507
16510
16516
16520
16525
16542
16555
16581
16588
16596
16608
16610
16617
16622
16651
16655
16665
16674
16676
16681
16684
16698
16701
16707
16709
16712
16723
16729
16760
16761
16762
16776
16782
16786
16790
16792
16799
16800
16820
16838
16846
16860
16881
16910
16934
16935
16942
16961
16976
16981
16987
16989
16993
17023
17032
17041
17049
17058
17068
17087
17110
17125
17136
17139
17147
17153
17157
17158
17161
17165
17178
17192
17196
17200
17205
17213
17247
17291
17301
17310
17311
17318
17327
17332
17375
17409
17410
17423
17424
17427
17434
17447
17449
17461
17462
17465
17475
17478
17486
17489
17491
17493
17496
17509
17517
17525
17529
17543
17552
17555
17572
17585
17588
17595
17603
17607
17621
17634
17637
17643
17644
17673
17707
17716
17735
17739
17747
17748
17763
17790
17792
17803
17821
17826
17827
17860
17890
17912
17915
17922
17924
17931
17939
17965
17976
17993
18007
18015
18017
18052
18089
18107
18117
18137
18142
18167
18169
18195
18197
18207
18211
18230
18232
18241
18243
18266
18295
18336
18350
18369
18376
18388
18413
18421
18423
18425
18434
18447
18455
18456
18458
18467
18480
18503
18507
18511
18512
18515
18527
18579
18618
18647
18651
18663
18667
18703
18708
18714
18725
18743
18748
18755
18758
18773
18788
18793
18812
18825
18826
18832
18848
18856
18860
18867
18871
18875
18877
18878
18898
18904
18927
18937
18944
18963
18980
18987
19006
19020
19029
19033
19038
19042
19046
19078
19087
19095
19121
19124
19139
19153
19154
19171
19178
19193
19198
19267
19275
19280
19287
19301
19304
19310
19338
19348
19358
19387
19399
19410
19411
19419
19421
19430
19435
19444
19459
19462
19475
19479
19487
19522
19529
19544
19556
19559
19583
19585
19589
19593
19606
19625
19637
19648
19682
19685
19688
19690
19701
19713
19714
19722
19728
19729
19732
19738
19753
19766
19779
19785
19789
19792
19799
19802
19820
19823
19841
19843
19852
19867
19871
19875
19884
19894
19895
19917
19926
19932
19950
19956
19957
19965
19974
19987
19995
20007
20011
20024
20037
20039
20062
20063
20071
20072
20073
20084
20093
20110
20124
20136
20157
20161
20182
20215
20216
20218
20286
20289
20296
20307
20317
20328
20335
20367
20391
20392
20393
20400
20401
20405
20416
20434
20441
20446
20454
20463
20467
20471
20472
20482
20484
20505
20508
20518
20534
20550
20572
20591
20597
20599
20621
20625
20630
20652
20653
20691
20701
20704
20710
20720
20733
20746
20753
20760
20776
20778
20798
20806
20808
20815
20845
20847
20853
20855
20876
20900
20905
20909
20915
20922
20944
20947
20959
20961
20973
20975
20987
20988
20998
21016
21038
21061
21065
21070
21075
21076
21085
21093
21096
21101
21109
21115
21121
21123
21130
21131
21135
21136
21148
21152
21166
21167
21177
21181
21197
21199
21203
21213
21217
21222
21228
21246
21255
21266
21275
21291
21314
21326
21331
21333
21335
21343
21351
21365
21370
21372
21375
21384
21386
21394
21398
21411
21439
21447
21455
21463
21466
21470
21515
21521
21557
21563
21567
21569
21584
21591
21604
21610
21631
21636
21655
21662
21689
21696
21706
21713
21718
21725
21726
21761
21776
21824
21828
21857
21899
21901
21911
21919
21942
21971
21994
22006
22007
22025
22027
22029
22032
22035
22057
22060
22062
22063
22068
22070
22087
22135
22138
22145
22151
22154
