8
9
24
39
52
55
77
83
88
91
123
130
142
151
158
160
171
204
218
225
228
231
232
236
249
251
258
267
270
272
277
295
305
317
318
319
330
340
375
378
411
415
418
423
425
426
434
462
463
466
475
503
508
523
536
563
576
616
624
628
669
674
679
690
713
716
737
749
758
760
761
764
767
771
779
781
817
830
839
844
847
848
850
856
857
868
870
873
883
897
901
902
903
909
923
925
936
950
962
973
982
992
1016
1024
1040
1069
1074
1082
1097
1101
1105
1115
1122
1131
1149
1150
1159
1163
1165
1171
1172
1197
1205
1236
1238
1255
1256
1266
1271
1296
1308
1316
1318
1331
1344
1349
1359
1361
1391
1398
1399
1414
1428
1438
1446
1449
1451
1463
1467
1484
1489
1520
1528
1538
1547
1556
1557
1575
1588
1600
1615
1629
1632
1638
1643
1651
1667
1670
1678
1687
1688
1713
1719
1726
1747
1749
1758
1760
1765
1769
1782
1790
1800
1815
1817
1820
1827
1845
1846
1852
1857
1872
1873
1874
1880
1883
1887
1895
1927
1944
1945
1948
1961
1974
1984
1999
2004
2033
2059
2062
2071
2076
2078
2083
2098
2108
2114
2126
2128
2146
2162
2184
2200
2202
2208
2220
2246
2257
2277
2280
2281
2283
2297
2304
2306
2317
2322
2336
2341
2347
2352
2379
2384
2390
2417
2433
2434
2449
2457
2459
2461
2467
2477
2483
2490
2521
2542
2544
2566
2573
2580
2585
2589
2605
2639
2642
2655
2664
2668
2679
2692
2715
2727
2730
2750
2767
2768
2771
2783
2787
2788
2796
2806
2810
2831
2849
2851
2854
2860
2882
2885
2891
2905
2919
2920
2949
2956
2962
2963
2966
2979
3061
3086
3091
3104
3119
3156
3162
3191
3192
3201
3208
3209
3234
3299
3319
3321
3322
3323
3329
3338
3340
3342
3352
3378
3392
3409
3412
3417
3418
3443
3462
3476
3483
3492
3509
3512
3518
3524
3526
3541
3543
3576
3577
3578
3593
3598
3599
3601
3627
3654
3673
3675
3688
3710
3712
3713
3720
3722
3732
3748
3750
3761
3771
3794
3808
3833
3834
3839
3844
3867
3872
3885
3915
3916
3922
3925
3926
3928
3941
3942
3948
3951
3967
3975
4003
4018
4020
4038
4046
4072
4076
4101
4120
4126
4127
4137
4138
4142
4146
4163
4166
4176
4181
4185
4189
4191
4203
4214
4218
4236
4239
4266
4281
4317
4322
4333
4334
4335
4368
4371
4393
4403
4413
4414
4424
4430
4441
4442
4447
4454
4455
4461
4500
4513
4515
4527
4538
4559
4562
4568
4574
4580
4591
4600
4610
4613
4619
4624
4629
4633
4648
4686
4713
4737
4740
4744
4759
4764
4775
4784
4801
4805
4808
4809
4831
4841
4847
4862
4869
4870
4876
4897
4908
4918
4920
4925
4937
4941
4958
4965
4966
4973
4987
4999
5003
5015
5018
5019
5035
5052
5058
5073
5083
5085
5103
5107
5108
5124
5129
5145
5157
5161
5165
5178
5252
5253
5262
5271
5281
5286
5287
5298
5299
5307
5319
5329
5343
5350
5355
5356
5359
5366
5369
5377
5382
5391
5400
5410
5430
5431
5435
5436
5443
5464
5480
5482
5484
5487
5518
5520
5534
5569
5572
5573
5581
5584
5593
5610
5611
5625
5634
5666
5675
5682
5690
5695
5698
5716
5720
5721
5728
5730
5743
5751
5766
5771
5780
5813
5817
5825
5827
5838
5846
5850
5853
5859
5860
5866
5870
5881
5891
5916
5919
5921
5924
5930
5934
5937
5946
5962
5981
6005
6013
6017
6025
6026
6033
6047
6056
6058
6060
6063
6068
6073
6074
6081
6115
6122
6134
6158
6164
6183
6188
6194
6195
6213
6223
6236
6237
6239
6249
6261
6264
6276
6288
6289
6294
6299
6300
6317
6320
6325
6327
6344
6354
6358
6363
6380
6389
6391
6398
6440
6452
6467
6468
6498
6512
6521
6523
6540
6544
6564
6570
6612
6622
6630
6640
6658
6675
6697
6702
6706
6713
6732
6736
6751
6756
6759
6760
6768
6790
6794
6832
6833
6848
6875
6883
6884
6889
6901
6914
6935
6936
6943
6946
6949
6954
6957
6966
6977
6996
6997
7008
7012
7014
7035
7036
7037
7046
7047
7050
7055
7080
7097
7116
7131
7141
7153
7157
7173
7181
7198
7249
7277
7281
7288
7289
7296
7315
7333
7340
7349
7350
7358
7363
7368
7376
7380
7386
7398
7402
7404
7412
7424
7429
7449
7457
7475
7511
7515
7541
7548
7585
7599
7622
7634
7637
7667
7673
7696
7726
7732
7737
7739
7742
7748
7768
7772
7780
7803
7804
7809
7817
7828
7834
7842
7851
7852
7860
7881
7892
7897
7906
7910
7914
7930
7939
7940
7942
7950
7955
7958
7960
7986
7989
8002
8007
8029
8034
8040
8041
8048
8050
8068
8076
8089
8090
8114
8118
8124
8130
8154
8167
8168
8173
8182
8188
8191
8192
8203
8204
8213
8222
8233
8235
8257
8258
8269
8280
8282
8284
8311
8331
8344
8347
8364
8372
8379
8392
8397
8402
8409
8420
8424
8437
8454
8474
8499
8504
8513
8528
8534
8538
8539
8542
8546
8562
8564
8575
8615
8616
8625
8652
8655
8658
8672
8684
8698
8706
8714
8726
8730
8736
8743
8753
8757
8760
8765
8766
8774
8789
8804
8805
8808
8821
8843
8859
8863
8868
8887
8892
8902
8909
8958
8965
8969
8971
8976
8983
9008
9010
9012
9019
9021
9022
9065
9074
9099
9123
9139
9157
9165
9174
9181
9185
9195
9198
9202
9209
9218
9229
9238
9241
9245
9247
9276
9277
9287
9295
9302
9307
9324
9332
9341
9367
9375
9378
9381
9417
9424
9425
9432
9439
9442
9449
9452
9460
9473
9475
9480
9487
9501
9525
9527
9531
9545
9555
9560
9577
9578
9596
9608
9610
9617
9622
9627
9634
9640
9643
9645
9646
9654
9656
9665
9669
9671
9676
9684
9715
9720
9721
9722
9724
9733
9768
9777
9806
9813
9826
9870
9894
9918
9922
9929
9946
9958
9972
9973
9975
9978
10013
10035
10053
10057
10062
10069
10095
10099
10110
10120
10140
10142
10148
10165
10169
10172
10193
10198
10221
10252
10291
10293
10317
10333
10344
10347
10353
10367
10372
10375
10391
10398
10400
10406
10412
10429
10443
10450
10454
10456
10461
10462
10466
10470
10480
10481
10486
10497
10518
10519
10521
10536
10548
10554
10556
10557
10564
10566
10593
10597
10607
10619
10643
10648
10676
10682
10692
10699
10700
10772
10784
10797
10801
10802
10804
10835
10836
10845
10851
10859
10861
10884
10890
10894
10907
10923
10935
10945
10954
10984
10989
10992
10995
11007
11017
11025
11030
11035
11046
11047
11057
11058
11097
11099
11103
11111
11121
11144
11145
11164
11173
11177
11189
11201
11202
11205
11215
11228
11229
11258
11267
11268
11307
11313
11318
11324
11332
11347
11362
11367
11381
11382
11405
11410
11419
11429
11439
11441
11462
11474
11479
11493
11505
11509
11537
11540
11542
11544
11546
11549
11557
11558
11566
11579
11585
11592
11620
11627
11633
11636
11637
11646
11650
11652
11672
11676
11686
11688
11692
11693
11694
11697
11709
11717
11721
11726
11731
11760
11791
11793
11799
11802
11803
11805
11809
11820
11821
11825
11835
11865
11882
11886
11890
11896
11907
11911
11915
11927
11942
11944
11946
11949
11956
11968
11971
11972
11973
11984
11988
11992
11999
12026
12058
12074
12075
12084
12090
12092
12114
12123
12124
12128
12131
12134
12139
12159
12169
12171
12173
12180
12185
12188
12191
12193
12194
12195
12206
12217
12256
12259
12271
12284
12299
12302
12322
12327
12330
12341
12353
12355
12356
12367
12376
12383
12411
12417
12424
12425
12433
12444
12448
12460
12524
12534
12552
12570
12573
12581
12584
12596
12603
12605
12617
12623
12629
12639
12683
12684
12687
12697
12707
12715
12717
12740
12748
12756
12760
12770
12778
12790
12792
12798
12817
12825
12856
12881
12887
12889
12902
12912
12923
12931
12953
12955
12973
12990
12999
13004
13020
13027
13032
13043
13055
13059
13069
13082
13090
13108
13115
13135
13146
13147
13157
13198
13200
13207
13221
13228
13229
13249
13261
13262
13274
13275
13280
13292
13293
13312
13315
13323
13327
13352
13354
13364
13370
13381
13393
13400
13421
13431
13432
13434
13445
13456
13492
13494
13497
13502
13505
13506
13511
13520
13527
13529
13532
13536
13545
13551
13567
13587
13588
13589
13597
13610
13616
13635
13644
13647
13656
13658
13662
13681
13683
13695
13701
13710
13711
13728
13729
13730
13734
13749
13751
13752
13772
13789
13795
13819
13833
13834
13847
13864
13874
13894
13905
13914
13931
13939
13959
14003
14007
14015
14018
14024
14025
14055
14064
14067
14070
14089
14093
14110
14118
14132
14138
14154
14157
14161
14178
14191
14194
14203
14205
14225
14233
14236
14241
14259
14263
14264
14269
14274
14279
14281
14294
14303
14312
14320
14321
14326
14336
14338
14341
14354
14376
14417
14421
14423
14431
14459
14463
14472
14475
14477
14497
14508
14518
14523
14536
14539
14552
14560
14563
14566
14576
14615
14618
14637
14642
14643
14649
14681
14691
14692
14715
14763
14769
14770
14774
14791
14809
14822
14840
14846
14857
14862
14874
14875
14877
14888
14897
14906
14927
14930
14957
14969
14972
14973
14997
15015
15038
15048
15050
15058
15087
15100
15110
15119
15121
15125
15134
15154
15162
15165
15172
15189
15209
15230
15234
15246
15254
15257
15258
15261
15266
15280
15318
15332
15335
15347
15357
15359
15360
15362
15371
15374
15386
15398
15404
15406
15408
15416
15435
15436
15437
15438
15462
15470
15476
15477
15500
15506
15512
15523
15530
15531
15535
15543
15557
15566
15602
15618
15630
15643
15651
15697
15704
15707
15723
15727
15730
15736
15745
15753
15763
15802
15803
15833
15835
15839
15844
15846
15860
15862
15877
15878
15886
15890
15891
15903
15906
15916
15920
15921
15923
15932
15951
15959
15961
15966
15975
15983
15984
15989
15999
16004
16024
16035
16040
16045
16049
16058
16068
16071
16073
16119
16131
16135
16139
16147
16156
16159
16161
16184
16190
16191
16192
16196
16197
16203
16213
16215
16226
16236
16245
16246
16251
16258
16260
16266
16269
16274
16280
16295
16297
16301
16314
16323
16333
16391
16410
16420
16430
16445
16452
16455
16466
16472
16488
16491
16492
16500
16536
16566
16572
16574
16576
16578
16582
16612
16619
16634
16668
16675
16692
16696
16732
16735
16743
16751
16752
16756
16772
16778
16850
16856
16883
16899
16900
16901
16912
16915
16919
16925
16937
16945
16949
16951
16964
17031
17034
17043
17073
17083
17095
17096
17109
17118
17131
17137
17142
17145
17149
17224
17229
17236
17240
17241
17243
17245
17263
17264
17281
17282
17298
17299
17308
17309
17325
17326
17342
17350
17360
17370
17371
17374
17376
17385
17416
17426
17428
17430
17444
17464
17468
17469
17499
17501
17506
17523
17527
17542
17562
17570
17573
17581
17584
17608
17649
17650
17669
17677
17688
17712
17714
17720
17733
17737
17740
17750
17769
17775
17788
17800
17810
17816
17832
17835
17842
17848
17869
17874
17898
17900
17906
17928
17935
17947
17949
17970
17981
18009
18012
18027
18036
18039
18040
18045
18051
18057
18060
18078
18083
18085
18112
18123
18126
18138
18144
18147
18154
18196
18206
18218
18225
18227
18233
18246
18260
18268
18284
18293
18301
18352
18356
18357
18362
18364
18373
18386
18401
18407
18414
18444
18459
18466
18493
18501
18504
18514
18536
18547
18568
18576
18580
18604
18622
18628
18630
18640
18643
18696
18697
18707
18715
18718
18730
18736
18745
18766
18782
18808
18811
18821
18833
18835
18837
18854
18855
18863
18890
18910
18912
18914
18920
18921
18929
18930
18952
18953
18961
18965
18973
18981
18991
18995
19000
19002
19012
19031
19039
19053
19065
19079
19100
19106
19110
19111
19112
19127
19146
19156
19170
19179
19189
19199
19209
19211
19218
19219
19227
19252
19253
19259
19262
19263
19279
19305
19311
19319
19322
19335
19344
19346
19370
19380
19398
19406
19433
19447
19457
19461
19474
19493
19494
19503
19504
19505
19509
19518
19527
19534
19538
19545
19548
19557
19558
19561
19576
19579
19596
19617
19623
19624
19627
19632
19659
19673
19677
19689
19706
19707
19733
19739
19746
19752
19762
19763
19793
19814
19815
19819
19822
19832
19837
19842
19846
19868
19883
19889
19902
19911
19928
19940
19978
19983
19993
19994
20031
20032
20040
20064
20074
20076
20078
20083
20096
20098
20099
20107
20115
20126
20130
20145
20151
20159
20169
20171
20176
20177
20183
20184
20191
20196
20213
20226
20228
20235
20242
20245
20263
20265
20271
20279
20288
20295
20310
20312
20321
20355
20375
20411
20413
20429
20459
20462
20465
20468
20477
20503
20536
20539
20547
20575
20577
20580
20609
20622
20633
20634
20645
20664
20677
20684
20686
20689
20709
20734
20743
20748
20754
20758
20766
20768
20769
20770
20794
20801
20807
20816
20831
20833
20837
20839
20841
20842
20843
20872
20874
20885
20887
20903
20920
20951
20957
20980
20989
20996
21007
21023
21024
21026
21027
21035
21042
21049
21058
21073
21111
21140
21142
21174
21175
21176
21206
21233
21242
21262
21265
21271
21278
21281
21286
21289
21303
21305
21336
21344
21355
21356
21364
21383
21389
21395
21402
21414
21424
21426
21442
21453
21457
21460
21461
21473
21477
21490
21491
21492
21501
21502
21503
21506
21542
21550
21556
21565
21566
21568
21570
21571
21579
21585
21605
21608
21611
21618
21638
21652
21657
21661
21693
21703
21707
21719
21730
21733
21735
21743
21750
21751
21752
21778
21779
21798
21804
21807
21813
21833
21840
21842
21855
21873
21900
21902
21924
21940
21953
21990
21995
21997
22003
22004
22011
22020
22034
22046
22074
22098
22108
22147
22149
