1
15
43
48
51
76
78
82
94
113
135
139
148
159
195
200
203
207
219
237
238
288
292
304
308
325
345
348
352
374
377
393
399
405
413
416
441
448
455
480
492
496
512
517
530
535
541
543
545
561
564
565
580
581
606
607
613
634
642
643
646
653
664
672
719
773
787
800
816
832
846
886
888
928
938
1001
1032
1038
1039
1043
1050
1053
1066
1072
1073
1078
1106
1107
1108
1112
1145
1152
1173
1175
1178
1190
1196
1239
1242
1265
1283
1286
1288
1290
1298
1299
1302
1319
1322
1325
1329
1341
1363
1406
1424
1427
1429
1436
1439
1443
1444
1448
1453
1455
1474
1494
1501
1504
1514
1523
1546
1558
1559
1581
1614
1616
1620
1663
1686
1711
1743
1768
1770
1772
1785
1789
1802
1829
1841
1853
1858
1862
1868
1891
1904
1905
1913
1935
1938
1950
1960
1964
1970
1973
2012
2016
2017
2029
2044
2072
2094
2106
2124
2129
2138
2141
2143
2147
2152
2173
2176
2180
2182
2203
2205
2213
2214
2216
2228
2244
2245
2253
2260
2278
2285
2299
2309
2320
2329
2357
2368
2369
2372
2376
2380
2383
2394
2418
2429
2436
2455
2463
2465
2476
2480
2497
2503
2513
2527
2537
2540
2547
2588
2594
2595
2600
2608
2628
2635
2638
2645
2656
2658
2661
2671
2677
2685
2690
2695
2711
2722
2735
2747
2752
2755
2775
2777
2803
2808
2817
2818
2822
2824
2825
2842
2852
2868
2873
2878
2879
2887
2895
2896
2913
2918
2937
2957
2965
2975
2980
2983
2992
3002
3014
3042
3044
3063
3080
3089
3093
3103
3106
3113
3139
3143
3164
3170
3174
3175
3181
3183
3233
3236
3239
3249
3251
3288
3297
3306
3330
3354
3356
3357
3366
3368
3377
3379
3386
3402
3419
3433
3434
3440
3450
3453
3457
3465
3466
3477
3484
3486
3497
3510
3516
3517
3527
3532
3538
3552
3553
3557
3560
3564
3582
3583
3586
3587
3612
3625
3637
3638
3644
3686
3689
3701
3718
3742
3752
3756
3759
3762
3769
3782
3786
3790
3796
3798
3809
3813
3815
3823
3826
3827
3843
3851
3859
3869
3871
3874
3888
3900
3903
3923
3938
3949
3952
3963
3977
3993
4011
4031
4033
4039
4040
4044
4050
4065
4070
4071
4075
4087
4097
4099
4110
4125
4128
4131
4147
4155
4177
4183
4195
4208
4217
4223
4232
4252
4257
4260
4262
4278
4284
4301
4304
4306
4328
4341
4344
4357
4359
4370
4374
4378
4386
4395
4404
4412
4415
4420
4422
4433
4439
4453
4465
4483
4488
4497
4505
4506
4519
4522
4529
4531
4547
4552
4567
4573
4576
4577
4581
4598
4603
4615
4632
4644
4658
4668
4670
4672
4675
4678
4688
4692
4693
4694
4715
4720
4732
4743
4746
4760
4762
4765
4770
4772
4773
4783
4785
4798
4819
4827
4848
4882
4892
4902
4909
4912
4913
4916
4921
4922
4930
4940
4942
4952
4962
4970
4989
4990
5000
5002
5016
5022
5037
5041
5046
5048
5072
5086
5088
5095
5100
5130
5133
5140
5142
5147
5152
5155
5160
5174
5189
5201
5205
5224
5229
5236
5243
5248
5261
5270
5274
5276
5278
5279
5284
5289
5295
5335
5341
5348
5394
5397
5403
5406
5411
5418
5426
5432
5437
5442
5455
5462
5483
5497
5524
5533
5540
5544
5548
5558
5561
5567
5568
5574
5579
5589
5592
5594
5642
5648
5653
5656
5658
5662
5669
5679
5680
5685
5710
5722
5724
5732
5733
5736
5738
5769
5784
5788
5795
5800
5804
5829
5831
5874
5879
5887
5890
5907
5939
5943
5968
5974
5983
5990
6003
6004
6020
6021
6035
6070
6083
6097
6098
6103
6113
6118
6120
6155
6163
6182
6193
6197
6209
6212
6219
6232
6242
6245
6248
6252
6260
6265
6268
6274
6292
6305
6307
6329
6330
6331
6332
6340
6348
6353
6366
6371
6384
6427
6431
6447
6450
6457
6477
6493
6508
6514
6515
6543
6545
6546
6553
6559
6571
6594
6618
6627
6631
6642
6652
6654
6678
6684
6686
6689
6693
6752
6753
6763
6765
6770
6793
6820
6853
6857
6858
6863
6864
6867
6870
6874
6899
6907
6942
6947
6960
6973
6981
6985
6993
6998
7000
7002
7004
7015
7017
7022
7027
7028
7034
7039
7053
7071
7072
7078
7081
7093
7096
7122
7127
7132
7152
7164
7166
7168
7186
7189
7221
7226
7231
7233
7234
7239
7242
7271
7280
7293
7295
7297
7312
7316
7331
7362
7370
7372
7373
7394
7396
7399
7407
7408
7415
7431
7434
7440
7454
7482
7487
7514
7516
7519
7531
7532
7545
7550
7553
7554
7561
7564
7570
7584
7596
7601
7604
7605
7611
7629
7636
7646
7647
7650
7665
7670
7672
7678
7686
7689
7691
7693
7697
7699
7702
7705
7711
7721
7723
7755
7766
7776
7783
7791
7792
7808
7838
7845
7859
7868
7879
7936
7946
7954
7980
7990
7992
8000
8016
8017
8018
8031
8035
8036
8043
8046
8051
8052
8061
8065
8073
8082
8086
8093
8104
8119
8122
8135
8139
8142
8166
8195
8226
8237
8243
8272
8300
8303
8312
8375
8380
8396
8413
8423
8432
8434
8438
8452
8460
8462
8463
8485
8494
8498
8530
8536
8543
8553
8563
8587
8590
8598
8692
8727
8742
8748
8751
8756
8767
8771
8780
8791
8794
8809
8810
8823
8824
8835
8840
8846
8850
8867
8871
8913
8923
8933
8934
8936
8946
8955
8960
8968
8979
8980
8986
8996
8999
9017
9032
9036
9044
9050
9062
9081
9087
9106
9110
9132
9140
9161
9166
9168
9170
9171
9187
9193
9206
9213
9225
9234
9235
9237
9249
9269
9298
9304
9319
9334
9335
9336
9352
9353
9354
9360
9372
9380
9398
9413
9422
9455
9465
9466
9469
9470
9476
9479
9488
9519
9530
9546
9563
9569
9588
9621
9630
9655
9660
9683
9688
9693
9707
9710
9714
9723
9727
9745
9747
9758
9774
9781
9789
9802
9804
9827
9854
9855
9860
9863
9880
9881
9882
9898
9900
9912
9920
9930
9955
9970
10005
10006
10009
10012
10041
10045
10055
10058
10072
10082
10098
10108
10115
10129
10133
10147
10157
10159
10185
10187
10194
10205
10214
10216
10223
10229
10244
10248
10253
10266
10273
10288
10300
10303
10304
10312
10313
10327
10341
10346
10357
10369
10405
10411
10431
10469
10472
10479
10490
10499
10513
10514
10523
10525
10535
10538
10547
10550
10568
10569
10575
10576
10579
10592
10612
10626
10634
10653
10654
10658
10665
10674
10681
10708
10714
10726
10727
10731
10733
10734
10735
10760
10779
10788
10811
10819
10828
10871
10881
10886
10898
10939
10947
10968
10970
10974
10976
10993
10994
10997
11002
11012
11021
11027
11044
11069
11092
11093
11109
11119
11125
11129
11133
11139
11148
11151
11167
11174
11185
11186
11199
11220
11223
11226
11231
11237
11240
11284
11306
11311
11323
11327
11331
11353
11358
11369
11372
11374
11390
11409
11413
11422
11425
11426
11430
11432
11435
11451
11467
11470
11475
11483
11487
11492
11512
11515
11517
11527
11529
11531
11535
11564
11571
11594
11602
11603
11640
11660
11665
11681
11687
11691
11699
11703
11710
11716
11723
11725
11737
11747
11752
11759
11784
11815
11843
11850
11854
11872
11877
11880
11892
11916
11919
11923
11924
11937
11945
11947
11962
11979
12007
12009
12012
12029
12033
12037
12044
12046
12050
12051
12070
12072
12080
12096
12100
12110
12113
12118
12125
12141
12155
12158
12160
12161
12164
12196
12200
12207
12208
12216
12218
12224
12225
12236
12246
12257
12258
12265
12275
12279
12297
12319
12333
12335
12338
12352
12354
12369
12381
12390
12391
12399
12400
12434
12443
12455
12475
12496
12506
12508
12539
12548
12556
12558
12564
12583
12588
12611
12618
12625
12626
12637
12640
12645
12652
12655
12656
12686
12705
12720
12744
12763
12847
12873
12893
12925
12930
12940
12945
12958
12961
12965
12975
12986
12989
13011
13018
13029
13064
13078
13083
13122
13123
13140
13143
13148
13149
13160
13170
13182
13203
13216
13217
13222
13232
13235
13255
13283
13284
13285
13295
13297
13308
13310
13320
13325
13339
13347
13361
13372
13373
13374
13389
13392
13419
13450
13451
13467
13468
13471
13474
13478
13479
13484
13512
13518
13531
13534
13561
13564
13596
13607
13609
13613
13625
13634
13660
13673
13678
13691
13693
13700
13709
13724
13733
13747
13767
13783
13796
13811
13814
13816
13821
13849
13862
13863
13868
13869
13871
13881
13895
13900
13920
13921
13924
13926
13928
13951
13956
13966
13975
13978
13998
14002
14016
14023
14042
14068
14085
14099
14103
14114
14123
14125
14163
14165
14170
14182
14207
14223
14224
14267
14306
14309
14318
14327
14333
14351
14356
14359
14379
14401
14403
14406
14426
14433
14435
14452
14454
14461
14465
14467
14479
14484
14487
14493
14502
14515
14519
14521
14524
14534
14553
14569
14572
14587
14588
14598
14600
14607
14611
14623
14624
14636
14657
14661
14668
14677
14711
14729
14730
14737
14746
14764
14773
14782
14785
14794
14807
14811
14823
14824
14830
14851
14852
14866
14870
14873
14881
14884
14898
14909
14912
14917
14919
14931
14932
14941
14942
14947
14948
14964
14975
14979
14982
14985
14996
15006
15007
15033
15045
15054
15059
15062
15063
15064
15073
15074
15076
15088
15089
15093
15095
15114
15116
15124
15133
15147
15161
15169
15173
15176
15178
15181
15186
15197
15200
15208
15215
15225
15226
15228
15231
15236
15251
15263
15272
15285
15287
15290
15304
15321
15341
15344
15367
15372
15383
15394
15403
15407
15413
15418
15420
15429
15454
15458
15472
15485
15488
15494
15495
15497
15509
15518
15521
15534
15541
15544
15546
15547
15548
15560
15563
15575
15579
15580
15597
15608
15617
15619
15628
15642
15654
15664
15668
15682
15688
15689
15690
15691
15701
15703
15706
15714
15716
15725
15726
15732
15743
15772
15774
15786
15787
15793
15796
15820
15827
15837
15843
15857
15882
15889
15899
15910
15919
15924
15933
15934
15939
15943
15964
15977
15987
15993
15996
16000
16002
16003
16007
16019
16022
16031
16046
16060
16091
16107
16108
16130
16140
16142
16158
16189
16209
16219
16237
16248
16267
16275
16291
16294
16307
16309
16322
16343
16346
16360
16382
16386
16392
16396
16403
16418
16421
16446
16451
16481
16498
16541
16546
16551
16563
16573
16585
16602
16609
16613
16625
16636
16664
16670
16673
16683
16690
16699
16705
16711
16726
16734
16740
16759
16774
16781
16795
16811
16824
16833
16834
16837
16839
16864
16865
16871
16886
16887
16888
16891
16897
16902
16916
16918
16923
16928
16941
16957
16967
16998
17012
17014
17026
17038
17042
17051
17067
17079
17100
17108
17113
17138
17146
17151
17174
17177
17179
17189
17211
17223
17233
17258
17259
17269
17275
17280
17295
17300
17316
17330
17339
17343
17345
17346
17383
17395
17402
17403
17405
17412
17420
17439
17466
17473
17497
17504
17507
17522
17537
17549
17560
17563
17569
17577
17580
17582
17596
17598
17599
17610
17642
17653
17656
17659
17665
17671
17691
17696
17698
17743
17744
17746
17749
17774
17779
17783
17784
17797
17804
17822
17834
17836
17839
17844
17851
17852
17853
17882
17904
17910
17916
17918
17926
17927
17934
17936
17941
17946
17954
17964
17985
18019
18024
18029
18042
18048
18059
18062
18066
18076
18086
18088
18125
18143
18149
18161
18162
18176
18179
18220
18222
18228
18229
18262
18264
18265
18281
18290
18297
18302
18305
18309
18315
18317
18324
18332
18339
18344
18351
18353
18365
18382
18383
18385
18394
18402
18432
18463
18465
18469
18488
18491
18517
18524
18534
18549
18552
18563
18574
18586
18611
18621
18637
18648
18661
18664
18666
18671
18674
18675
18679
18709
18710
18739
18753
18783
18815
18829
18844
18853
18884
18885
18893
18935
18939
18943
18948
18954
18968
18974
18992
19003
19015
19047
19050
19055
19056
19059
19067
19072
19086
19090
19098
19135
19147
19159
19167
19174
19180
19190
19194
19201
19207
19230
19234
19238
19239
19240
19242
19274
19281
19284
19292
19303
19307
19312
19314
19317
19336
19393
19405
19420
19427
19477
19484
19498
19506
19515
19516
19523
19537
19541
19542
19553
19566
19574
19592
19599
19601
19610
19611
19618
19635
19653
19654
19662
19667
19691
19693
19699
19703
19712
19719
19742
19794
19797
19813
19816
19838
19848
19874
19880
19886
19900
19904
19912
19937
19948
19958
19963
19966
19972
19985
19996
19998
20001
20008
20014
20022
20030
20051
20052
20053
20058
20065
20069
20088
20094
20106
20111
20116
20117
20125
20153
20154
20155
20158
20166
20189
20219
20221
20224
20236
20248
20251
20252
20256
20270
20277
20281
20294
20303
20311
20326
20347
20353
20389
20402
20404
20445
20455
20457
20476
20478
20486
20487
20492
20502
20517
20521
20523
20527
20537
20542
20543
20585
20586
20593
20613
20616
20617
20623
20632
20636
20659
20663
20668
20698
20706
20717
20718
20732
20747
20751
20763
20774
20791
20828
20832
20846
20852
20857
20861
20863
20868
20889
20895
20906
20914
20916
20925
20928
20929
20937
20949
20955
20965
20976
20978
20981
20985
20990
21000
21002
21013
21014
21022
21028
21032
21051
21055
21056
21059
21062
21064
21068
21091
21100
21104
21114
21124
21143
21149
21151
21153
21154
21163
21185
21192
21204
21214
21216
21218
21223
21227
21231
21249
21250
21251
21252
21258
21270
21284
21290
21293
21307
21310
21312
21316
21324
21348
21353
21368
21369
21378
21390
21391
21417
21420
21423
21444
21464
21469
21478
21489
21514
21543
21546
21553
21558
21572
21577
21588
21597
21615
21630
21632
21641
21643
21682
21685
21739
21777
21780
21795
21823
21827
21845
21848
21871
21874
21880
21882
21894
21906
21934
21948
21950
21952
21969
21981
21986
22005
22021
22043
22045
22047
22048
22055
22084
22085
22088
22096
22099
22105
22112
22113
22117
22130
22136
