22
26
31
40
46
59
70
89
107
108
112
129
144
145
156
172
173
187
190
197
208
209
215
216
230
234
242
256
260
284
285
300
307
310
311
321
331
339
354
412
414
446
450
457
461
465
484
490
516
537
547
551
557
572
574
603
621
625
636
651
655
661
663
710
722
727
731
732
733
738
741
745
751
769
772
777
778
791
799
803
804
810
820
853
877
880
896
910
912
927
948
956
964
965
975
988
1015
1025
1029
1034
1044
1048
1060
1061
1071
1081
1090
1102
1114
1117
1136
1139
1148
1157
1158
1177
1179
1186
1193
1208
1214
1224
1240
1241
1245
1249
1250
1269
1270
1274
1294
1295
1301
1307
1310
1311
1314
1317
1330
1345
1346
1347
1348
1353
1362
1372
1373
1377
1381
1425
1433
1450
1461
1472
1493
1502
1518
1552
1553
1560
1565
1570
1583
1587
1592
1598
1603
1604
1621
1664
1684
1696
1735
1742
1746
1754
1759
1762
1763
1767
1777
1783
1797
1801
1813
1835
1842
1843
1850
1884
1885
1889
1890
1892
1896
1898
1903
1912
1914
1917
1923
1925
1939
1976
1977
2006
2011
2018
2021
2030
2031
2032
2036
2038
2043
2060
2061
2064
2067
2068
2077
2081
2084
2086
2087
2111
2112
2117
2119
2163
2168
2174
2187
2193
2212
2227
2229
2239
2261
2269
2270
2282
2287
2298
2308
2326
2333
2342
2345
2346
2351
2366
2371
2373
2382
2396
2398
2405
2411
2416
2420
2437
2444
2452
2456
2487
2516
2525
2536
2546
2552
2555
2559
2577
2602
2612
2615
2618
2629
2663
2666
2670
2674
2681
2699
2702
2703
2708
2712
2748
2751
2756
2757
2769
2790
2791
2792
2797
2801
2811
2815
2863
2899
2906
2927
2928
2933
2934
2935
2947
2989
2994
3011
3021
3022
3023
3033
3043
3051
3054
3074
3076
3090
3116
3128
3136
3137
3148
3157
3159
3166
3188
3202
3218
3219
3227
3229
3231
3242
3244
3255
3263
3264
3272
3273
3277
3294
3298
3305
3324
3331
3336
3353
3355
3360
3370
3381
3393
3397
3406
3414
3421
3431
3437
3442
3452
3460
3481
3503
3520
3525
3529
3539
3547
3551
3570
3585
3595
3624
3628
3658
3661
3664
3665
3667
3707
3725
3749
3754
3785
3797
3810
3811
3817
3825
3828
3830
3835
3836
3854
3855
3856
3861
3863
3875
3879
3895
3910
3917
3919
3935
3944
3946
3973
3978
3980
3982
4001
4004
4014
4022
4027
4052
4062
4073
4078
4085
4092
4093
4095
4109
4113
4115
4129
4152
4157
4184
4197
4198
4215
4220
4229
4264
4275
4283
4312
4323
4325
4343
4345
4348
4353
4364
4419
4425
4435
4449
4451
4460
4462
4467
4471
4477
4486
4492
4498
4514
4524
4530
4536
4539
4545
4546
4555
4558
4560
4566
4570
4590
4592
4606
4621
4626
4638
4647
4650
4662
4667
4673
4687
4689
4690
4697
4701
4703
4706
4711
4712
4729
4730
4731
4734
4742
4745
4753
4761
4767
4776
4782
4787
4800
4849
4851
4854
4863
4879
4886
4891
4894
4901
4926
4932
4949
4950
4961
4963
4967
4971
4976
4983
4998
5007
5008
5011
5023
5024
5054
5055
5061
5065
5076
5077
5091
5101
5104
5105
5111
5125
5141
5149
5153
5159
5177
5195
5210
5227
5240
5245
5246
5251
5275
5294
5325
5327
5330
5331
5333
5349
5360
5365
5367
5389
5393
5405
5439
5451
5461
5465
5467
5473
5479
5485
5494
5496
5501
5505
5513
5523
5525
5536
5537
5541
5552
5555
5570
5590
5616
5617
5626
5630
5632
5657
5674
5687
5693
5696
5706
5713
5717
5729
5735
5761
5764
5776
5779
5787
5794
5822
5845
5856
5863
5867
5882
5900
5908
5929
5949
5952
5956
5957
5961
5964
5965
5970
5971
5972
5975
5976
5995
6001
6015
6028
6029
6067
6072
6080
6090
6121
6130
6157
6162
6178
6196
6201
6233
6246
6254
6262
6273
6278
6279
6285
6309
6310
6312
6318
6319
6321
6324
6335
6337
6338
6341
6359
6361
6367
6382
6386
6390
6395
6399
6405
6408
6419
6422
6428
6430
6432
6444
6448
6454
6456
6463
6474
6487
6494
6497
6502
6517
6522
6532
6538
6557
6565
6566
6579
6606
6609
6614
6616
6621
6624
6625
6626
6641
6649
6661
6662
6670
6671
6676
6681
6682
6688
6704
6709
6712
6715
6716
6728
6743
6747
6749
6755
6758
6761
6772
6774
6775
6795
6800
6803
6808
6810
6813
6816
6817
6822
6824
6845
6846
6866
6872
6876
6879
6885
6906
6918
6922
6928
6939
6945
6948
6959
6968
6976
6984
6994
7003
7007
7018
7024
7026
7029
7056
7059
7066
7085
7086
7104
7118
7149
7160
7161
7178
7182
7190
7205
7230
7235
7240
7244
7248
7262
7291
7324
7326
7328
7337
7344
7346
7354
7365
7381
7391
7401
7405
7413
7417
7420
7427
7446
7450
7452
7469
7483
7488
7493
7518
7520
7524
7546
7551
7556
7569
7574
7589
7600
7602
7607
7616
7632
7644
7648
7655
7660
7675
7688
7692
7714
7741
7765
7770
7773
7784
7785
7796
7798
7800
7811
7818
7856
7871
7872
7876
7911
7928
7934
7948
7951
7952
7956
7959
7966
7967
7978
7982
8030
8038
8049
8054
8058
8064
8079
8080
8084
8101
8108
8133
8136
8137
8153
8157
8169
8197
8199
8202
8210
8228
8248
8255
8264
8265
8267
8268
8271
8274
8278
8279
8305
8315
8335
8350
8353
8359
8383
8391
8393
8404
8408
8410
8414
8425
8427
8431
8433
8447
8451
8461
8470
8472
8477
8509
8510
8517
8547
8556
8568
8591
8599
8602
8604
8618
8636
8641
8645
8650
8656
8663
8667
8675
8686
8697
8699
8712
8731
8732
8777
8778
8799
8812
8818
8819
8837
8845
8857
8864
8893
8906
8917
8920
8922
8949
8959
8977
8993
8997
9016
9027
9037
9042
9046
9076
9088
9101
9105
9107
9116
9118
9130
9142
9151
9154
9155
9169
9182
9201
9221
9236
9250
9265
9272
9274
9275
9308
9311
9314
9315
9323
9345
9386
9395
9405
9429
9436
9441
9444
9459
9483
9496
9502
9521
9522
9538
9547
9558
9565
9580
9597
9599
9605
9609
9624
9625
9639
9644
9650
9689
9699
9709
9711
9716
9737
9744
9755
9765
9776
9780
9793
9795
9822
9836
9838
9844
9865
9877
9916
9936
9937
9939
9943
9945
9951
9953
9996
10003
10004
10032
10033
10047
10049
10051
10066
10070
10081
10083
10085
10119
10121
10158
10171
10210
10211
10224
10228
10264
10289
10302
10310
10325
10335
10349
10358
10359
10371
10373
10380
10385
10387
10388
10397
10404
10419
10459
10471
10487
10504
10515
10520
10529
10539
10544
10572
10573
10577
10604
10611
10614
10618
10647
10655
10666
10667
10669
10670
10672
10678
10689
10690
10704
10713
10717
10730
10751
10753
10754
10782
10786
10787
10791
10806
10808
10834
10839
10840
10843
10850
10874
10888
10905
10915
10920
10932
10937
10940
10944
10958
10962
10971
10975
10980
10985
11034
11054
11055
11072
11091
11098
11100
11102
11114
11126
11128
11130
11135
11157
11271
11273
11278
11298
11304
11312
11317
11321
11333
11335
11341
11344
11346
11354
11360
11366
11368
11375
11377
11388
11393
11412
11417
11423
11427
11433
11453
11455
11458
11504
11507
11508
11514
11538
11550
11556
11560
11563
11584
11596
11604
11605
11610
11616
11618
11624
11643
11645
11647
11648
11654
11700
11701
11706
11733
11745
11754
11763
11796
11811
11813
11828
11831
11844
11855
11874
11883
11884
11893
11894
11912
11914
11933
11958
11964
11969
11978
11981
11983
11991
11995
11997
12030
12031
12038
12042
12043
12047
12068
12071
12085
12112
12116
12117
12119
12130
12132
12138
12144
12154
12165
12170
12174
12176
12189
12190
12204
12210
12215
12219
12223
12231
12233
12238
12240
12250
12269
12272
12274
12280
12287
12290
12304
12309
12311
12321
12332
12351
12357
12364
12365
12370
12371
12373
12375
12393
12395
12403
12406
12412
12418
12422
12426
12450
12457
12470
12474
12476
12485
12486
12490
12495
12507
12513
12515
12538
12550
12559
12609
12619
12630
12633
12644
12653
12659
12670
12671
12700
12702
12721
12724
12745
12769
12773
12795
12816
12820
12831
12837
12845
12859
12869
12875
12884
12885
12914
12932
12968
12982
12984
12987
13000
13003
13014
13034
13044
13053
13067
13073
13084
13092
13093
13100
13101
13112
13125
13127
13141
13156
13159
13163
13164
13179
13180
13192
13211
13212
13225
13256
13288
13290
13298
13304
13305
13319
13331
13363
13367
13369
13375
13376
13448
13454
13470
13475
13490
13491
13513
13546
13547
13550
13557
13563
13577
13586
13612
13618
13620
13626
13628
13632
13651
13664
13665
13669
13670
13703
13707
13712
13715
13716
13745
13748
13750
13756
13798
13801
13802
13806
13807
13809
13823
13837
13846
13872
13891
13933
13935
13936
13953
13961
13981
13989
14006
14012
14045
14048
14049
14053
14069
14079
14096
14106
14115
14130
14141
14143
14153
14179
14232
14246
14247
14250
14265
14296
14297
14298
14314
14322
14323
14334
14377
14389
14398
14446
14466
14470
14501
14507
14511
14525
14538
14542
14546
14565
14571
14575
14596
14605
14609
14613
14616
14621
14631
14633
14634
14644
14658
14676
14683
14685
14686
14708
14716
14728
14736
14740
14748
14760
14762
14780
14781
14795
14799
14801
14818
14825
14826
14835
14837
14844
14850
14858
14863
14865
14883
14886
14920
14954
14955
14967
14981
14983
14990
14993
15009
15022
15026
15032
15034
15052
15065
15083
15094
15106
15108
15115
15135
15196
15202
15207
15214
15223
15229
15232
15240
15244
15252
15255
15273
15276
15291
15297
15309
15312
15317
15322
15323
15324
15330
15366
15370
15380
15387
15396
15401
15410
15417
15424
15443
15455
15469
15473
15481
15498
15499
15514
15525
15528
15564
15583
15614
15624
15627
15637
15638
15639
15652
15655
15681
15683
15693
15695
15717
15718
15724
15742
15762
15768
15797
15800
15841
15852
15861
15873
15907
15914
15918
15922
15941
15946
15953
15955
15979
16014
16030
16032
16062
16063
16106
16122
16126
16132
16138
16141
16146
16150
16166
16175
16211
16214
16243
16247
16250
16253
16264
16286
16299
16305
16313
16325
16327
16330
16339
16340
16368
16375
16381
16389
16409
16417
16431
16434
16436
16442
16448
16449
16459
16461
16464
16467
16482
16494
16502
16514
16535
16554
16557
16560
16568
16590
16598
16604
16606
16607
16623
16627
16630
16632
16633
16635
16641
16656
16659
16667
16669
16694
16697
16700
16702
16727
16730
16733
16742
16744
16746
16747
16748
16753
16754
16758
16777
16779
16785
16788
16801
16807
16821
16823
16857
16861
16880
16882
16889
16892
16895
16906
16913
16922
16965
16972
16975
16990
16999
17011
17019
17022
17040
17064
17071
17074
17105
17117
17121
17135
17150
17155
17160
17182
17183
17184
17191
17202
17204
17206
17210
17228
17248
17272
17294
17302
17314
17322
17329
17333
17355
17364
17378
17414
17433
17437
17448
17453
17474
17488
17508
17512
17519
17528
17539
17554
17575
17590
17594
17604
17605
17628
17631
17635
17639
17641
17668
17676
17702
17705
17710
17732
17759
17760
17764
17778
17780
17781
17794
17817
17841
17849
17866
17872
17887
17893
17903
17908
17917
17920
17923
17930
17950
17960
17961
17967
17980
18003
18013
18022
18038
18053
18058
18068
18072
18073
18079
18082
18084
18097
18098
18101
18106
18109
18116
18180
18186
18187
18188
18208
18212
18213
18214
18217
18242
18251
18275
18286
18330
18341
18359
18366
18368
18370
18375
18387
18390
18398
18408
18427
18431
18433
18435
18436
18439
18442
18445
18464
18476
18478
18482
18485
18499
18516
18520
18551
18561
18569
18571
18582
18583
18584
18587
18599
18605
18629
18639
18644
18657
18665
18669
18670
18672
18701
18733
18747
18761
18776
18798
18804
18814
18834
18839
18874
18888
18896
18905
18924
18938
18945
18950
18962
18996
19010
19024
19057
19101
19102
19125
19126
19151
19183
19210
19215
19223
19232
19236
19266
19270
19283
19285
19299
19300
19308
19315
19376
19390
19402
19403
19409
19413
19452
19482
19507
19520
19533
19564
19582
19586
19587
19588
19600
19607
19608
19616
19644
19658
19668
19679
19686
19702
19705
19727
19740
19744
19750
19765
19768
19773
19786
19795
19796
19805
19810
19856
19872
19876
19891
19916
19931
19936
19960
19971
19990
19992
20000
20006
20010
20020
20028
20044
20046
20067
20101
20113
20131
20141
20148
20180
20192
20194
20204
20220
20229
20234
20257
20285
20306
20318
20319
20334
20337
20338
20345
20348
20354
20357
20365
20368
20374
20381
20384
20422
20428
20436
20444
20485
20496
20497
20498
20522
20546
20559
20564
20568
20574
20610
20614
20624
20629
20638
20639
20643
20648
20658
20661
20672
20680
20705
20711
20719
20729
20755
20756
20757
20759
20761
20771
20785
20790
20792
20795
20797
20800
20803
20814
20819
20836
20859
20860
20873
20880
20886
20890
20908
20913
20927
20966
20979
20991
20997
21001
21015
21020
21034
21048
21053
21072
21074
21080
21081
21084
21089
21102
21107
21117
21122
21183
21188
21189
21200
21212
21220
21241
21244
21260
21280
21287
21294
21301
21317
21320
21323
21327
21330
21334
21347
21357
21367
21409
21435
21437
21443
21449
21450
21451
21462
21474
21475
21488
21500
21504
21525
21537
21540
21544
21564
21576
21583
21586
21593
21600
21606
21607
21622
21637
21645
21650
21660
21663
21681
21683
21700
21701
21714
21727
21729
21732
21734
21741
21744
21765
21772
21775
21782
21785
21791
21796
21801
21809
21814
21818
21826
21837
21853
21854
21859
21864
21868
21869
21885
21893
21895
21897
21929
21945
21949
21956
21962
21968
22000
22002
22042
22051
22067
22075
22078
22086
22102
22109
22110
22111
22121
22142
22153
