11
19
35
47
97
104
105
106
116
120
143
154
166
183
184
186
193
198
199
224
246
254
255
261
263
269
280
299
301
313
315
320
360
366
391
394
400
404
429
430
435
443
449
467
476
478
486
489
509
532
554
559
575
585
588
612
623
633
645
658
671
677
686
711
717
740
755
763
797
798
801
829
831
835
843
845
876
885
892
916
921
943
945
968
993
999
1007
1008
1056
1057
1113
1116
1120
1125
1126
1176
1181
1183
1187
1209
1213
1217
1221
1225
1237
1247
1251
1258
1260
1264
1287
1300
1303
1315
1324
1333
1343
1357
1358
1384
1404
1434
1445
1464
1468
1471
1475
1486
1487
1495
1496
1497
1509
1511
1512
1542
1548
1549
1564
1572
1578
1579
1582
1613
1617
1633
1637
1641
1644
1646
1647
1675
1677
1697
1706
1717
1724
1740
1745
1753
1780
1784
1792
1793
1794
1803
1804
1805
1807
1830
1833
1836
1839
1840
1863
1865
1867
1869
1933
1958
1972
1981
1990
1992
1997
2010
2020
2027
2040
2051
2056
2066
2074
2099
2100
2103
2122
2137
2139
2170
2183
2186
2194
2204
2209
2210
2226
2233
2250
2252
2264
2267
2284
2290
2294
2300
2301
2323
2325
2327
2335
2337
2353
2401
2403
2407
2412
2414
2415
2439
2458
2462
2468
2479
2488
2489
2494
2505
2506
2515
2518
2530
2565
2572
2583
2592
2616
2617
2623
2652
2662
2672
2678
2688
2689
2693
2705
2725
2738
2743
2753
2793
2798
2799
2819
2820
2826
2832
2859
2866
2888
2892
2907
2915
2922
2943
2978
3013
3018
3020
3039
3046
3053
3056
3059
3064
3079
3083
3088
3099
3114
3121
3127
3129
3140
3141
3144
3150
3152
3153
3172
3176
3185
3199
3211
3212
3217
3225
3260
3267
3309
3320
3335
3337
3344
3346
3347
3371
3380
3383
3404
3415
3416
3425
3427
3428
3429
3435
3445
3448
3475
3502
3507
3515
3521
3530
3537
3546
3550
3555
3558
3589
3608
3632
3639
3645
3668
3680
3681
3695
3702
3708
3715
3716
3717
3721
3746
3747
3751
3757
3765
3775
3784
3787
3791
3803
3819
3822
3841
3877
3884
3891
3893
3902
3909
3911
3918
3920
3927
3929
3930
3939
3956
3979
4006
4030
4032
4043
4055
4064
4077
4098
4114
4116
4118
4119
4121
4122
4124
4130
4150
4154
4160
4167
4171
4175
4179
4180
4187
4200
4206
4233
4235
4244
4267
4286
4290
4291
4293
4295
4296
4300
4311
4318
4326
4327
4336
4338
4361
4366
4379
4387
4390
4396
4398
4421
4436
4443
4446
4457
4463
4481
4487
4494
4496
4501
4502
4510
4532
4542
4553
4563
4572
4584
4586
4607
4628
4666
4698
4705
4708
4717
4725
4749
4751
4756
4778
4780
4781
4788
4802
4813
4821
4823
4824
4825
4826
4837
4858
4865
4888
4905
4919
4924
4934
4939
4955
4969
4992
4995
4997
5056
5064
5069
5080
5092
5099
5115
5122
5138
5186
5190
5215
5225
5238
5254
5265
5290
5300
5301
5302
5334
5345
5362
5364
5370
5376
5383
5395
5402
5409
5413
5415
5446
5459
5460
5469
5471
5476
5495
5499
5503
5510
5528
5547
5556
5560
5575
5577
5583
5586
5591
5597
5600
5623
5631
5633
5661
5664
5668
5671
5684
5715
5739
5742
5750
5753
5765
5770
5772
5781
5797
5798
5803
5805
5811
5823
5828
5836
5844
5857
5871
5894
5899
5912
5914
5940
5942
5988
5993
6008
6009
6014
6043
6044
6051
6084
6086
6088
6091
6096
6114
6128
6131
6135
6141
6177
6192
6210
6215
6229
6256
6259
6270
6284
6286
6301
6304
6314
6334
6345
6347
6351
6376
6385
6411
6420
6423
6426
6433
6434
6438
6439
6472
6481
6485
6490
6499
6501
6503
6513
6516
6524
6547
6551
6576
6577
6578
6582
6596
6603
6605
6623
6643
6644
6655
6656
6657
6665
6673
6674
6714
6720
6724
6735
6779
6783
6789
6801
6805
6828
6829
6873
6890
6894
6913
6925
6944
6953
6958
6971
6992
7013
7019
7038
7042
7045
7057
7058
7079
7095
7099
7112
7133
7158
7169
7175
7212
7218
7222
7225
7227
7246
7284
7285
7321
7325
7336
7345
7347
7348
7355
7360
7384
7387
7403
7409
7419
7442
7451
7455
7456
7460
7497
7500
7501
7504
7522
7555
7586
7608
7612
7615
7617
7642
7663
7690
7695
7706
7716
7720
7728
7729
7745
7752
7754
7763
7795
7866
7873
7877
7887
7890
7894
7902
7907
7926
7937
7938
7973
8011
8015
8072
8083
8103
8112
8165
8171
8175
8184
8206
8215
8220
8225
8236
8249
8260
8266
8276
8295
8306
8317
8320
8321
8323
8343
8345
8366
8368
8373
8374
8384
8399
8407
8418
8426
8429
8439
8443
8444
8450
8457
8475
8479
8481
8490
8505
8506
8507
8508
8511
8516
8521
8525
8531
8533
8537
8551
8554
8557
8559
8581
8593
8605
8610
8620
8622
8626
8642
8646
8648
8659
8669
8673
8674
8680
8687
8690
8696
8700
8701
8702
8713
8725
8734
8745
8761
8762
8776
8787
8788
8793
8807
8814
8826
8828
8830
8836
8842
8847
8875
8877
8879
8886
8890
8894
8896
8901
8911
8914
8915
8928
8938
8940
8947
8950
8975
8988
8992
9007
9015
9020
9033
9034
9051
9052
9054
9058
9077
9093
9094
9111
9121
9124
9131
9136
9148
9152
9158
9173
9177
9178
9210
9217
9255
9256
9257
9258
9261
9286
9292
9312
9313
9331
9333
9346
9347
9358
9382
9448
9450
9456
9462
9464
9486
9493
9508
9512
9516
9518
9548
9556
9568
9573
9574
9584
9586
9590
9591
9607
9619
9626
9629
9631
9641
9649
9667
9681
9686
9691
9697
9719
9742
9751
9799
9803
9808
9809
9812
9819
9832
9834
9866
9871
9885
9886
9896
9899
9902
9928
9933
9935
9944
9957
9959
9964
9969
9989
10001
10016
10028
10034
10071
10086
10107
10111
10117
10131
10135
10136
10144
10150
10153
10156
10162
10168
10190
10199
10231
10235
10236
10243
10256
10265
10269
10285
10324
10328
10343
10361
10368
10374
10377
10382
10383
10415
10423
10425
10430
10441
10442
10446
10465
10502
10503
10505
10541
10555
10558
10563
10574
10584
10617
10651
10662
10677
10680
10687
10720
10749
10756
10761
10762
10793
10809
10810
10813
10823
10825
10853
10866
10872
10878
10893
10902
10909
10914
10917
10928
10930
10933
10941
10949
10951
10969
10988
11005
11009
11033
11037
11071
11075
11076
11086
11089
11090
11094
11095
11116
11123
11131
11143
11156
11170
11184
11208
11212
11225
11235
11250
11254
11279
11294
11302
11309
11325
11343
11370
11396
11399
11403
11408
11415
11416
11434
11440
11444
11446
11459
11468
11481
11486
11490
11491
11499
11510
11511
11521
11525
11562
11568
11581
11588
11589
11597
11615
11626
11634
11644
11661
11662
11664
11669
11679
11740
11744
11757
11766
11771
11772
11774
11781
11836
11856
11857
11859
11868
11879
11889
11897
11899
11901
11905
11921
11925
11930
11941
11943
11953
11955
11974
11982
11989
11994
12002
12004
12020
12024
12039
12064
12073
12081
12082
12083
12098
12122
12133
12142
12148
12151
12163
12177
12228
12243
12248
12264
12273
12281
12283
12294
12300
12312
12314
12316
12344
12360
12362
12379
12387
12404
12409
12419
12421
12423
12427
12453
12456
12480
12487
12493
12499
12502
12514
12516
12517
12522
12536
12544
12554
12561
12589
12591
12592
12601
12606
12607
12649
12664
12665
12673
12710
12711
12712
12728
12733
12742
12750
12772
12787
12789
12796
12812
12828
12832
12834
12846
12858
12860
12882
12892
12907
12921
12928
12934
12935
12936
12951
12960
12985
12996
13006
13017
13022
13023
13031
13056
13060
13098
13107
13111
13119
13138
13151
13153
13154
13168
13172
13178
13195
13209
13220
13233
13239
13246
13247
13253
13269
13291
13299
13301
13303
13309
13328
13330
13346
13348
13350
13351
13357
13362
13365
13397
13403
13423
13425
13452
13472
13473
13477
13481
13486
13496
13500
13523
13524
13548
13552
13556
13568
13578
13599
13602
13611
13619
13622
13633
13645
13654
13655
13663
13671
13686
13704
13720
13739
13764
13765
13784
13790
13792
13803
13808
13842
13850
13852
13884
13885
13901
13910
13912
13927
13942
13947
13948
13958
13969
13972
13977
13980
13984
13985
13988
13993
14004
14028
14031
14033
14040
14041
14057
14081
14083
14087
14094
14104
14112
14113
14133
14139
14144
14149
14162
14167
14174
14176
14183
14195
14200
14204
14210
14211
14227
14228
14234
14235
14238
14251
14261
14262
14271
14272
14280
14293
14300
14302
14315
14324
14328
14355
14368
14381
14386
14391
14394
14400
14402
14405
14408
14441
14450
14494
14514
14522
14527
14529
14568
14574
14578
14619
14645
14662
14665
14689
14705
14713
14719
14724
14741
14757
14766
14778
14783
14784
14789
14803
14814
14882
14899
14902
14913
14914
14924
14925
14934
14937
14940
14943
14949
14950
14961
14980
14999
15001
15003
15013
15027
15029
15030
15035
15043
15049
15084
15090
15091
15097
15117
15130
15132
15139
15156
15157
15170
15210
15218
15245
15253
15260
15271
15320
15339
15340
15343
15355
15363
15376
15405
15427
15444
15446
15447
15457
15459
15460
15461
15467
15479
15510
15519
15529
15532
15533
15537
15542
15554
15567
15576
15581
15595
15600
15601
15611
15612
15616
15620
15623
15625
15634
15662
15678
15698
15708
15712
15735
15767
15769
15770
15784
15794
15799
15801
15804
15805
15813
15815
15821
15830
15838
15840
15847
15854
15868
15870
15872
15876
15888
15896
15898
15900
15904
15917
15944
15957
15968
15970
15994
16005
16011
16018
16021
16025
16041
16052
16054
16057
16074
16075
16076
16078
16081
16094
16097
16098
16117
16124
16137
16151
16155
16170
16174
16176
16179
16181
16188
16198
16200
16225
16227
16229
16240
16242
16282
16285
16290
16334
16355
16366
16374
16385
16387
16395
16414
16419
16433
16435
16438
16441
16458
16473
16474
16475
16479
16486
16512
16513
16518
16527
16528
16530
16538
16545
16550
16552
16575
16577
16591
16594
16603
16615
16618
16624
16637
16654
16666
16671
16704
16737
16750
16755
16773
16780
16784
16804
16825
16831
16844
16866
16869
16876
16911
16917
16920
16924
16938
16948
16958
16980
16982
16983
16984
17003
17021
17039
17050
17076
17085
17091
17097
17106
17107
17111
17112
17116
17123
17126
17144
17175
17185
17198
17227
17237
17238
17242
17251
17256
17265
17268
17289
17319
17324
17363
17365
17366
17372
17382
17387
17397
17400
17431
17443
17463
17476
17485
17503
17518
17540
17556
17558
17561
17586
17587
17612
17619
17633
17647
17651
17664
17674
17679
17680
17683
17695
17697
17709
17730
17793
17820
17829
17846
17858
17865
17902
17913
17951
17956
17958
17962
17968
17969
17975
17986
17994
17998
17999
18004
18005
18018
18043
18055
18067
18099
18108
18113
18127
18141
18145
18146
18151
18160
18172
18177
18185
18189
18201
18210
18238
18249
18250
18261
18270
18272
18273
18277
18279
18289
18292
18311
18322
18327
18331
18345
18361
18371
18377
18391
18403
18410
18412
18429
18430
18449
18461
18472
18474
18484
18492
18505
18509
18510
18519
18543
18559
18560
18565
18588
18592
18593
18609
18631
18641
18655
18677
18685
18686
18691
18694
18700
18705
18713
18721
18741
18742
18744
18770
18774
18778
18781
18787
18790
18794
18803
18817
18818
18843
18851
18868
18869
18876
18879
18880
18883
18889
18891
18894
18902
18916
18923
18925
18955
18958
18967
18972
18975
19007
19009
19011
19014
19023
19028
19034
19036
19040
19044
19052
19054
19068
19074
19080
19092
19099
19109
19118
19123
19141
19144
19150
19160
19166
19168
19181
19192
19213
19220
19221
19228
19235
19243
19261
19273
19282
19286
19302
19309
19327
19342
19343
19355
19357
19359
19362
19371
19372
19378
19383
19400
19401
19412
19434
19441
19454
19469
19478
19489
19495
19497
19512
19526
19532
19547
19551
19560
19570
19573
19602
19605
19615
19626
19628
19639
19647
19665
19672
19674
19681
19694
19709
19726
19734
19743
19751
19764
19771
19781
19817
19821
19851
19854
19866
19877
19882
19893
19923
19942
19944
19946
19961
19962
19964
19973
19977
19979
19986
20021
20027
20038
20041
20042
20045
20050
20085
20087
20097
20100
20112
20133
20150
20168
20185
20186
20190
20193
20195
20198
20199
20200
20207
20212
20217
20230
20233
20243
20253
20258
20260
20262
20293
20297
20314
20340
20344
20349
20362
20373
20383
20387
20421
20461
20489
20514
20524
20535
20548
20551
20552
20562
20570
20581
20594
20606
20644
20656
20665
20681
20687
20690
20700
20724
20726
20750
20762
20764
20779
20793
20796
20799
20817
20838
20844
20854
20858
20881
20884
20896
20923
20932
20935
20936
20943
20946
20967
21003
21011
21017
21031
21043
21047
21057
21060
21078
21079
21087
21088
21106
21108
21118
21125
21139
21165
21169
21208
21219
21238
21240
21245
21277
21285
21297
21300
21319
21325
21350
21371
21376
21407
21408
21410
21412
21431
21434
21452
21465
21468
21472
21486
21494
21508
21526
21531
21532
21535
21547
21581
21595
21614
21625
21633
21647
21659
21666
21677
21680
21705
21711
21720
21722
21755
21767
21770
21781
21806
21816
21835
21839
21862
21890
21916
21930
21936
21946
21947
21984
21987
21992
22009
22010
22013
22016
22038
22050
22061
22089
22090
22093
22097
22114
22125
22128
